1;2;3;4;5;6;7;8;9;10;11;12;13;14;15;16;17;18;19;20
2;4;6;8;10;12;14;16;18;20;22;24;26;28;30;32;34;36;38;40
3;6;9;12;15;18;21;24;27;30;33;36;39;42;45;48;51;54;57;60
4;8;12;16;20;24;28;32;36;40;44;48;52;56;60;64;68;72;76;80
5;10;15;20;25;30;35;40;45;50;55;60;65;70;75;80;85;90;95;100
6;12;18;24;30;36;42;48;54;60;66;72;78;84;90;96;102;108;114;120
7;14;21;28;35;42;49;56;63;70;77;84;91;98;105;112;119;126;133;140
8;16;24;32;40;48;56;64;72;80;88;96;104;112;120;128;136;144;152;160
9;18;27;36;45;54;63;72;81;90;99;108;117;126;135;144;153;162;171;180
10;20;30;40;50;60;70;80;90;100;110;120;130;140;150;160;170;180;190;200
11;22;33;44;55;66;77;88;99;110;121;132;143;154;165;176;187;198;209;220
12;24;36;48;60;72;84;96;108;120;132;144;156;168;180;192;204;216;228;240
13;26;39;52;65;78;91;104;117;130;143;156;169;182;195;208;221;234;247;260
14;28;42;56;70;84;98;112;126;140;154;168;182;196;210;224;238;252;266;280
15;30;45;60;75;90;105;120;135;150;165;180;195;210;225;240;255;270;285;300
16;32;48;64;80;96;112;128;144;160;176;192;208;224;240;256;272;288;304;320
17;34;51;68;85;102;119;136;153;170;187;204;221;238;255;272;289;306;323;340
18;36;54;72;90;108;126;144;162;180;198;216;234;252;270;288;306;324;342;360
19;38;57;76;95;114;133;152;171;190;209;228;247;266;285;304;323;342;361;380
20;40;60;80;100;120;140;160;180;200;220;240;260;280;300;320;340;360;380;400
21;42;63;84;105;126;147;168;189;210;231;252;273;294;315;336;357;378;399;420
22;44;66;88;110;132;154;176;198;220;242;264;286;308;330;352;374;396;418;440
23;46;69;92;115;138;161;184;207;230;253;276;299;322;345;368;391;414;437;460
24;48;72;96;120;144;168;192;216;240;264;288;312;336;360;384;408;432;456;480
25;50;75;100;125;150;175;200;225;250;275;300;325;350;375;400;425;450;475;500
26;52;78;104;130;156;182;208;234;260;286;312;338;364;390;416;442;468;494;520
27;54;81;108;135;162;189;216;243;270;297;324;351;378;405;432;459;486;513;540
28;56;84;112;140;168;196;224;252;280;308;336;364;392;420;448;476;504;532;560
29;58;87;116;145;174;203;232;261;290;319;348;377;406;435;464;493;522;551;580
30;60;90;120;150;180;210;240;270;300;330;360;390;420;450;480;510;540;570;600
31;62;93;124;155;186;217;248;279;310;341;372;403;434;465;496;527;558;589;620
32;64;96;128;160;192;224;256;288;320;352;384;416;448;480;512;544;576;608;640
33;66;99;132;165;198;231;264;297;330;363;396;429;462;495;528;561;594;627;660
34;68;102;136;170;204;238;272;306;340;374;408;442;476;510;544;578;612;646;680
35;70;105;140;175;210;245;280;315;350;385;420;455;490;525;560;595;630;665;700
36;72;108;144;180;216;252;288;324;360;396;432;468;504;540;576;612;648;684;720
37;74;111;148;185;222;259;296;333;370;407;444;481;518;555;592;629;666;703;740
38;76;114;152;190;228;266;304;342;380;418;456;494;532;570;608;646;684;722;760
39;78;117;156;195;234;273;312;351;390;429;468;507;546;585;624;663;702;741;780
40;80;120;160;200;240;280;320;360;400;440;480;520;560;600;640;680;720;760;800
41;82;123;164;205;246;287;328;369;410;451;492;533;574;615;656;697;738;779;820
42;84;126;168;210;252;294;336;378;420;462;504;546;588;630;672;714;756;798;840
43;86;129;172;215;258;301;344;387;430;473;516;559;602;645;688;731;774;817;860
44;88;132;176;220;264;308;352;396;440;484;528;572;616;660;704;748;792;836;880
45;90;135;180;225;270;315;360;405;450;495;540;585;630;675;720;765;810;855;900
46;92;138;184;230;276;322;368;414;460;506;552;598;644;690;736;782;828;874;920
47;94;141;188;235;282;329;376;423;470;517;564;611;658;705;752;799;846;893;940
48;96;144;192;240;288;336;384;432;480;528;576;624;672;720;768;816;864;912;960
49;98;147;196;245;294;343;392;441;490;539;588;637;686;735;784;833;882;931;980
50;100;150;200;250;300;350;400;450;500;550;600;650;700;750;800;850;900;950;1000
51;102;153;204;255;306;357;408;459;510;561;612;663;714;765;816;867;918;969;1020
52;104;156;208;260;312;364;416;468;520;572;624;676;728;780;832;884;936;988;1040
53;106;159;212;265;318;371;424;477;530;583;636;689;742;795;848;901;954;1007;1060
54;108;162;216;270;324;378;432;486;540;594;648;702;756;810;864;918;972;1026;1080
55;110;165;220;275;330;385;440;495;550;605;660;715;770;825;880;935;990;1045;1100
56;112;168;224;280;336;392;448;504;560;616;672;728;784;840;896;952;1008;1064;1120
57;114;171;228;285;342;399;456;513;570;627;684;741;798;855;912;969;1026;1083;1140
58;116;174;232;290;348;406;464;522;580;638;696;754;812;870;928;986;1044;1102;1160
59;118;177;236;295;354;413;472;531;590;649;708;767;826;885;944;1003;1062;1121;1180
60;120;180;240;300;360;420;480;540;600;660;720;780;840;900;960;1020;1080;1140;1200
61;122;183;244;305;366;427;488;549;610;671;732;793;854;915;976;1037;1098;1159;1220
62;124;186;248;310;372;434;496;558;620;682;744;806;868;930;992;1054;1116;1178;1240
63;126;189;252;315;378;441;504;567;630;693;756;819;882;945;1008;1071;1134;1197;1260
64;128;192;256;320;384;448;512;576;640;704;768;832;896;960;1024;1088;1152;1216;1280
65;130;195;260;325;390;455;520;585;650;715;780;845;910;975;1040;1105;1170;1235;1300
66;132;198;264;330;396;462;528;594;660;726;792;858;924;990;1056;1122;1188;1254;1320
67;134;201;268;335;402;469;536;603;670;737;804;871;938;1005;1072;1139;1206;1273;1340
68;136;204;272;340;408;476;544;612;680;748;816;884;952;1020;1088;1156;1224;1292;1360
69;138;207;276;345;414;483;552;621;690;759;828;897;966;1035;1104;1173;1242;1311;1380
70;140;210;280;350;420;490;560;630;700;770;840;910;980;1050;1120;1190;1260;1330;1400
71;142;213;284;355;426;497;568;639;710;781;852;923;994;1065;1136;1207;1278;1349;1420
72;144;216;288;360;432;504;576;648;720;792;864;936;1008;1080;1152;1224;1296;1368;1440
73;146;219;292;365;438;511;584;657;730;803;876;949;1022;1095;1168;1241;1314;1387;1460
74;148;222;296;370;444;518;592;666;740;814;888;962;1036;1110;1184;1258;1332;1406;1480
75;150;225;300;375;450;525;600;675;750;825;900;975;1050;1125;1200;1275;1350;1425;1500
76;152;228;304;380;456;532;608;684;760;836;912;988;1064;1140;1216;1292;1368;1444;1520
77;154;231;308;385;462;539;616;693;770;847;924;1001;1078;1155;1232;1309;1386;1463;1540
78;156;234;312;390;468;546;624;702;780;858;936;1014;1092;1170;1248;1326;1404;1482;1560
79;158;237;316;395;474;553;632;711;790;869;948;1027;1106;1185;1264;1343;1422;1501;1580
80;160;240;320;400;480;560;640;720;800;880;960;1040;1120;1200;1280;1360;1440;1520;1600
81;162;243;324;405;486;567;648;729;810;891;972;1053;1134;1215;1296;1377;1458;1539;1620
82;164;246;328;410;492;574;656;738;820;902;984;1066;1148;1230;1312;1394;1476;1558;1640
83;166;249;332;415;498;581;664;747;830;913;996;1079;1162;1245;1328;1411;1494;1577;1660
84;168;252;336;420;504;588;672;756;840;924;1008;1092;1176;1260;1344;1428;1512;1596;1680
85;170;255;340;425;510;595;680;765;850;935;1020;1105;1190;1275;1360;1445;1530;1615;1700
86;172;258;344;430;516;602;688;774;860;946;1032;1118;1204;1290;1376;1462;1548;1634;1720
87;174;261;348;435;522;609;696;783;870;957;1044;1131;1218;1305;1392;1479;1566;1653;1740
88;176;264;352;440;528;616;704;792;880;968;1056;1144;1232;1320;1408;1496;1584;1672;1760
89;178;267;356;445;534;623;712;801;890;979;1068;1157;1246;1335;1424;1513;1602;1691;1780
90;180;270;360;450;540;630;720;810;900;990;1080;1170;1260;1350;1440;1530;1620;1710;1800
91;182;273;364;455;546;637;728;819;910;1001;1092;1183;1274;1365;1456;1547;1638;1729;1820
92;184;276;368;460;552;644;736;828;920;1012;1104;1196;1288;1380;1472;1564;1656;1748;1840
93;186;279;372;465;558;651;744;837;930;1023;1116;1209;1302;1395;1488;1581;1674;1767;1860
94;188;282;376;470;564;658;752;846;940;1034;1128;1222;1316;1410;1504;1598;1692;1786;1880
95;190;285;380;475;570;665;760;855;950;1045;1140;1235;1330;1425;1520;1615;1710;1805;1900
96;192;288;384;480;576;672;768;864;960;1056;1152;1248;1344;1440;1536;1632;1728;1824;1920
97;194;291;388;485;582;679;776;873;970;1067;1164;1261;1358;1455;1552;1649;1746;1843;1940
98;196;294;392;490;588;686;784;882;980;1078;1176;1274;1372;1470;1568;1666;1764;1862;1960
99;198;297;396;495;594;693;792;891;990;1089;1188;1287;1386;1485;1584;1683;1782;1881;1980
100;200;300;400;500;600;700;800;900;1000;1100;1200;1300;1400;1500;1600;1700;1800;1900;2000
101;202;303;404;505;606;707;808;909;1010;1111;1212;1313;1414;1515;1616;1717;1818;1919;2020
102;204;306;408;510;612;714;816;918;1020;1122;1224;1326;1428;1530;1632;1734;1836;1938;2040
103;206;309;412;515;618;721;824;927;1030;1133;1236;1339;1442;1545;1648;1751;1854;1957;2060
104;208;312;416;520;624;728;832;936;1040;1144;1248;1352;1456;1560;1664;1768;1872;1976;2080
105;210;315;420;525;630;735;840;945;1050;1155;1260;1365;1470;1575;1680;1785;1890;1995;2100
106;212;318;424;530;636;742;848;954;1060;1166;1272;1378;1484;1590;1696;1802;1908;2014;2120
107;214;321;428;535;642;749;856;963;1070;1177;1284;1391;1498;1605;1712;1819;1926;2033;2140
108;216;324;432;540;648;756;864;972;1080;1188;1296;1404;1512;1620;1728;1836;1944;2052;2160
109;218;327;436;545;654;763;872;981;1090;1199;1308;1417;1526;1635;1744;1853;1962;2071;2180
110;220;330;440;550;660;770;880;990;1100;1210;1320;1430;1540;1650;1760;1870;1980;2090;2200
111;222;333;444;555;666;777;888;999;1110;1221;1332;1443;1554;1665;1776;1887;1998;2109;2220
112;224;336;448;560;672;784;896;1008;1120;1232;1344;1456;1568;1680;1792;1904;2016;2128;2240
113;226;339;452;565;678;791;904;1017;1130;1243;1356;1469;1582;1695;1808;1921;2034;2147;2260
114;228;342;456;570;684;798;912;1026;1140;1254;1368;1482;1596;1710;1824;1938;2052;2166;2280
115;230;345;460;575;690;805;920;1035;1150;1265;1380;1495;1610;1725;1840;1955;2070;2185;2300
116;232;348;464;580;696;812;928;1044;1160;1276;1392;1508;1624;1740;1856;1972;2088;2204;2320
117;234;351;468;585;702;819;936;1053;1170;1287;1404;1521;1638;1755;1872;1989;2106;2223;2340
118;236;354;472;590;708;826;944;1062;1180;1298;1416;1534;1652;1770;1888;2006;2124;2242;2360
119;238;357;476;595;714;833;952;1071;1190;1309;1428;1547;1666;1785;1904;2023;2142;2261;2380
120;240;360;480;600;720;840;960;1080;1200;1320;1440;1560;1680;1800;1920;2040;2160;2280;2400
121;242;363;484;605;726;847;968;1089;1210;1331;1452;1573;1694;1815;1936;2057;2178;2299;2420
122;244;366;488;610;732;854;976;1098;1220;1342;1464;1586;1708;1830;1952;2074;2196;2318;2440
123;246;369;492;615;738;861;984;1107;1230;1353;1476;1599;1722;1845;1968;2091;2214;2337;2460
124;248;372;496;620;744;868;992;1116;1240;1364;1488;1612;1736;1860;1984;2108;2232;2356;2480
125;250;375;500;625;750;875;1000;1125;1250;1375;1500;1625;1750;1875;2000;2125;2250;2375;2500
126;252;378;504;630;756;882;1008;1134;1260;1386;1512;1638;1764;1890;2016;2142;2268;2394;2520
127;254;381;508;635;762;889;1016;1143;1270;1397;1524;1651;1778;1905;2032;2159;2286;2413;2540
128;256;384;512;640;768;896;1024;1152;1280;1408;1536;1664;1792;1920;2048;2176;2304;2432;2560
129;258;387;516;645;774;903;1032;1161;1290;1419;1548;1677;1806;1935;2064;2193;2322;2451;2580
130;260;390;520;650;780;910;1040;1170;1300;1430;1560;1690;1820;1950;2080;2210;2340;2470;2600
131;262;393;524;655;786;917;1048;1179;1310;1441;1572;1703;1834;1965;2096;2227;2358;2489;2620
132;264;396;528;660;792;924;1056;1188;1320;1452;1584;1716;1848;1980;2112;2244;2376;2508;2640
133;266;399;532;665;798;931;1064;1197;1330;1463;1596;1729;1862;1995;2128;2261;2394;2527;2660
134;268;402;536;670;804;938;1072;1206;1340;1474;1608;1742;1876;2010;2144;2278;2412;2546;2680
135;270;405;540;675;810;945;1080;1215;1350;1485;1620;1755;1890;2025;2160;2295;2430;2565;2700
136;272;408;544;680;816;952;1088;1224;1360;1496;1632;1768;1904;2040;2176;2312;2448;2584;2720
137;274;411;548;685;822;959;1096;1233;1370;1507;1644;1781;1918;2055;2192;2329;2466;2603;2740
138;276;414;552;690;828;966;1104;1242;1380;1518;1656;1794;1932;2070;2208;2346;2484;2622;2760
139;278;417;556;695;834;973;1112;1251;1390;1529;1668;1807;1946;2085;2224;2363;2502;2641;2780
140;280;420;560;700;840;980;1120;1260;1400;1540;1680;1820;1960;2100;2240;2380;2520;2660;2800
141;282;423;564;705;846;987;1128;1269;1410;1551;1692;1833;1974;2115;2256;2397;2538;2679;2820
142;284;426;568;710;852;994;1136;1278;1420;1562;1704;1846;1988;2130;2272;2414;2556;2698;2840
143;286;429;572;715;858;1001;1144;1287;1430;1573;1716;1859;2002;2145;2288;2431;2574;2717;2860
144;288;432;576;720;864;1008;1152;1296;1440;1584;1728;1872;2016;2160;2304;2448;2592;2736;2880
145;290;435;580;725;870;1015;1160;1305;1450;1595;1740;1885;2030;2175;2320;2465;2610;2755;2900
146;292;438;584;730;876;1022;1168;1314;1460;1606;1752;1898;2044;2190;2336;2482;2628;2774;2920
147;294;441;588;735;882;1029;1176;1323;1470;1617;1764;1911;2058;2205;2352;2499;2646;2793;2940
148;296;444;592;740;888;1036;1184;1332;1480;1628;1776;1924;2072;2220;2368;2516;2664;2812;2960
149;298;447;596;745;894;1043;1192;1341;1490;1639;1788;1937;2086;2235;2384;2533;2682;2831;2980
150;300;450;600;750;900;1050;1200;1350;1500;1650;1800;1950;2100;2250;2400;2550;2700;2850;3000
151;302;453;604;755;906;1057;1208;1359;1510;1661;1812;1963;2114;2265;2416;2567;2718;2869;3020
152;304;456;608;760;912;1064;1216;1368;1520;1672;1824;1976;2128;2280;2432;2584;2736;2888;3040
153;306;459;612;765;918;1071;1224;1377;1530;1683;1836;1989;2142;2295;2448;2601;2754;2907;3060
154;308;462;616;770;924;1078;1232;1386;1540;1694;1848;2002;2156;2310;2464;2618;2772;2926;3080
155;310;465;620;775;930;1085;1240;1395;1550;1705;1860;2015;2170;2325;2480;2635;2790;2945;3100
156;312;468;624;780;936;1092;1248;1404;1560;1716;1872;2028;2184;2340;2496;2652;2808;2964;3120
157;314;471;628;785;942;1099;1256;1413;1570;1727;1884;2041;2198;2355;2512;2669;2826;2983;3140
158;316;474;632;790;948;1106;1264;1422;1580;1738;1896;2054;2212;2370;2528;2686;2844;3002;3160
159;318;477;636;795;954;1113;1272;1431;1590;1749;1908;2067;2226;2385;2544;2703;2862;3021;3180
160;320;480;640;800;960;1120;1280;1440;1600;1760;1920;2080;2240;2400;2560;2720;2880;3040;3200
161;322;483;644;805;966;1127;1288;1449;1610;1771;1932;2093;2254;2415;2576;2737;2898;3059;3220
162;324;486;648;810;972;1134;1296;1458;1620;1782;1944;2106;2268;2430;2592;2754;2916;3078;3240
163;326;489;652;815;978;1141;1304;1467;1630;1793;1956;2119;2282;2445;2608;2771;2934;3097;3260
164;328;492;656;820;984;1148;1312;1476;1640;1804;1968;2132;2296;2460;2624;2788;2952;3116;3280
165;330;495;660;825;990;1155;1320;1485;1650;1815;1980;2145;2310;2475;2640;2805;2970;3135;3300
166;332;498;664;830;996;1162;1328;1494;1660;1826;1992;2158;2324;2490;2656;2822;2988;3154;3320
167;334;501;668;835;1002;1169;1336;1503;1670;1837;2004;2171;2338;2505;2672;2839;3006;3173;3340
168;336;504;672;840;1008;1176;1344;1512;1680;1848;2016;2184;2352;2520;2688;2856;3024;3192;3360
169;338;507;676;845;1014;1183;1352;1521;1690;1859;2028;2197;2366;2535;2704;2873;3042;3211;3380
170;340;510;680;850;1020;1190;1360;1530;1700;1870;2040;2210;2380;2550;2720;2890;3060;3230;3400
171;342;513;684;855;1026;1197;1368;1539;1710;1881;2052;2223;2394;2565;2736;2907;3078;3249;3420
172;344;516;688;860;1032;1204;1376;1548;1720;1892;2064;2236;2408;2580;2752;2924;3096;3268;3440
173;346;519;692;865;1038;1211;1384;1557;1730;1903;2076;2249;2422;2595;2768;2941;3114;3287;3460
174;348;522;696;870;1044;1218;1392;1566;1740;1914;2088;2262;2436;2610;2784;2958;3132;3306;3480
175;350;525;700;875;1050;1225;1400;1575;1750;1925;2100;2275;2450;2625;2800;2975;3150;3325;3500
176;352;528;704;880;1056;1232;1408;1584;1760;1936;2112;2288;2464;2640;2816;2992;3168;3344;3520
177;354;531;708;885;1062;1239;1416;1593;1770;1947;2124;2301;2478;2655;2832;3009;3186;3363;3540
178;356;534;712;890;1068;1246;1424;1602;1780;1958;2136;2314;2492;2670;2848;3026;3204;3382;3560
179;358;537;716;895;1074;1253;1432;1611;1790;1969;2148;2327;2506;2685;2864;3043;3222;3401;3580
180;360;540;720;900;1080;1260;1440;1620;1800;1980;2160;2340;2520;2700;2880;3060;3240;3420;3600
181;362;543;724;905;1086;1267;1448;1629;1810;1991;2172;2353;2534;2715;2896;3077;3258;3439;3620
182;364;546;728;910;1092;1274;1456;1638;1820;2002;2184;2366;2548;2730;2912;3094;3276;3458;3640
183;366;549;732;915;1098;1281;1464;1647;1830;2013;2196;2379;2562;2745;2928;3111;3294;3477;3660
184;368;552;736;920;1104;1288;1472;1656;1840;2024;2208;2392;2576;2760;2944;3128;3312;3496;3680
185;370;555;740;925;1110;1295;1480;1665;1850;2035;2220;2405;2590;2775;2960;3145;3330;3515;3700
186;372;558;744;930;1116;1302;1488;1674;1860;2046;2232;2418;2604;2790;2976;3162;3348;3534;3720
187;374;561;748;935;1122;1309;1496;1683;1870;2057;2244;2431;2618;2805;2992;3179;3366;3553;3740
188;376;564;752;940;1128;1316;1504;1692;1880;2068;2256;2444;2632;2820;3008;3196;3384;3572;3760
189;378;567;756;945;1134;1323;1512;1701;1890;2079;2268;2457;2646;2835;3024;3213;3402;3591;3780
190;380;570;760;950;1140;1330;1520;1710;1900;2090;2280;2470;2660;2850;3040;3230;3420;3610;3800
191;382;573;764;955;1146;1337;1528;1719;1910;2101;2292;2483;2674;2865;3056;3247;3438;3629;3820
192;384;576;768;960;1152;1344;1536;1728;1920;2112;2304;2496;2688;2880;3072;3264;3456;3648;3840
193;386;579;772;965;1158;1351;1544;1737;1930;2123;2316;2509;2702;2895;3088;3281;3474;3667;3860
194;388;582;776;970;1164;1358;1552;1746;1940;2134;2328;2522;2716;2910;3104;3298;3492;3686;3880
195;390;585;780;975;1170;1365;1560;1755;1950;2145;2340;2535;2730;2925;3120;3315;3510;3705;3900
196;392;588;784;980;1176;1372;1568;1764;1960;2156;2352;2548;2744;2940;3136;3332;3528;3724;3920
197;394;591;788;985;1182;1379;1576;1773;1970;2167;2364;2561;2758;2955;3152;3349;3546;3743;3940
198;396;594;792;990;1188;1386;1584;1782;1980;2178;2376;2574;2772;2970;3168;3366;3564;3762;3960
199;398;597;796;995;1194;1393;1592;1791;1990;2189;2388;2587;2786;2985;3184;3383;3582;3781;3980
200;400;600;800;1000;1200;1400;1600;1800;2000;2200;2400;2600;2800;3000;3200;3400;3600;3800;4000
201;402;603;804;1005;1206;1407;1608;1809;2010;2211;2412;2613;2814;3015;3216;3417;3618;3819;4020
202;404;606;808;1010;1212;1414;1616;1818;2020;2222;2424;2626;2828;3030;3232;3434;3636;3838;4040
203;406;609;812;1015;1218;1421;1624;1827;2030;2233;2436;2639;2842;3045;3248;3451;3654;3857;4060
204;408;612;816;1020;1224;1428;1632;1836;2040;2244;2448;2652;2856;3060;3264;3468;3672;3876;4080
205;410;615;820;1025;1230;1435;1640;1845;2050;2255;2460;2665;2870;3075;3280;3485;3690;3895;4100
206;412;618;824;1030;1236;1442;1648;1854;2060;2266;2472;2678;2884;3090;3296;3502;3708;3914;4120
207;414;621;828;1035;1242;1449;1656;1863;2070;2277;2484;2691;2898;3105;3312;3519;3726;3933;4140
208;416;624;832;1040;1248;1456;1664;1872;2080;2288;2496;2704;2912;3120;3328;3536;3744;3952;4160
209;418;627;836;1045;1254;1463;1672;1881;2090;2299;2508;2717;2926;3135;3344;3553;3762;3971;4180
210;420;630;840;1050;1260;1470;1680;1890;2100;2310;2520;2730;2940;3150;3360;3570;3780;3990;4200
211;422;633;844;1055;1266;1477;1688;1899;2110;2321;2532;2743;2954;3165;3376;3587;3798;4009;4220
212;424;636;848;1060;1272;1484;1696;1908;2120;2332;2544;2756;2968;3180;3392;3604;3816;4028;4240
213;426;639;852;1065;1278;1491;1704;1917;2130;2343;2556;2769;2982;3195;3408;3621;3834;4047;4260
214;428;642;856;1070;1284;1498;1712;1926;2140;2354;2568;2782;2996;3210;3424;3638;3852;4066;4280
215;430;645;860;1075;1290;1505;1720;1935;2150;2365;2580;2795;3010;3225;3440;3655;3870;4085;4300
216;432;648;864;1080;1296;1512;1728;1944;2160;2376;2592;2808;3024;3240;3456;3672;3888;4104;4320
217;434;651;868;1085;1302;1519;1736;1953;2170;2387;2604;2821;3038;3255;3472;3689;3906;4123;4340
218;436;654;872;1090;1308;1526;1744;1962;2180;2398;2616;2834;3052;3270;3488;3706;3924;4142;4360
219;438;657;876;1095;1314;1533;1752;1971;2190;2409;2628;2847;3066;3285;3504;3723;3942;4161;4380
220;440;660;880;1100;1320;1540;1760;1980;2200;2420;2640;2860;3080;3300;3520;3740;3960;4180;4400
221;442;663;884;1105;1326;1547;1768;1989;2210;2431;2652;2873;3094;3315;3536;3757;3978;4199;4420
222;444;666;888;1110;1332;1554;1776;1998;2220;2442;2664;2886;3108;3330;3552;3774;3996;4218;4440
223;446;669;892;1115;1338;1561;1784;2007;2230;2453;2676;2899;3122;3345;3568;3791;4014;4237;4460
224;448;672;896;1120;1344;1568;1792;2016;2240;2464;2688;2912;3136;3360;3584;3808;4032;4256;4480
225;450;675;900;1125;1350;1575;1800;2025;2250;2475;2700;2925;3150;3375;3600;3825;4050;4275;4500
226;452;678;904;1130;1356;1582;1808;2034;2260;2486;2712;2938;3164;3390;3616;3842;4068;4294;4520
227;454;681;908;1135;1362;1589;1816;2043;2270;2497;2724;2951;3178;3405;3632;3859;4086;4313;4540
228;456;684;912;1140;1368;1596;1824;2052;2280;2508;2736;2964;3192;3420;3648;3876;4104;4332;4560
229;458;687;916;1145;1374;1603;1832;2061;2290;2519;2748;2977;3206;3435;3664;3893;4122;4351;4580
230;460;690;920;1150;1380;1610;1840;2070;2300;2530;2760;2990;3220;3450;3680;3910;4140;4370;4600
231;462;693;924;1155;1386;1617;1848;2079;2310;2541;2772;3003;3234;3465;3696;3927;4158;4389;4620
232;464;696;928;1160;1392;1624;1856;2088;2320;2552;2784;3016;3248;3480;3712;3944;4176;4408;4640
233;466;699;932;1165;1398;1631;1864;2097;2330;2563;2796;3029;3262;3495;3728;3961;4194;4427;4660
234;468;702;936;1170;1404;1638;1872;2106;2340;2574;2808;3042;3276;3510;3744;3978;4212;4446;4680
235;470;705;940;1175;1410;1645;1880;2115;2350;2585;2820;3055;3290;3525;3760;3995;4230;4465;4700
236;472;708;944;1180;1416;1652;1888;2124;2360;2596;2832;3068;3304;3540;3776;4012;4248;4484;4720
237;474;711;948;1185;1422;1659;1896;2133;2370;2607;2844;3081;3318;3555;3792;4029;4266;4503;4740
238;476;714;952;1190;1428;1666;1904;2142;2380;2618;2856;3094;3332;3570;3808;4046;4284;4522;4760
239;478;717;956;1195;1434;1673;1912;2151;2390;2629;2868;3107;3346;3585;3824;4063;4302;4541;4780
240;480;720;960;1200;1440;1680;1920;2160;2400;2640;2880;3120;3360;3600;3840;4080;4320;4560;4800
241;482;723;964;1205;1446;1687;1928;2169;2410;2651;2892;3133;3374;3615;3856;4097;4338;4579;4820
242;484;726;968;1210;1452;1694;1936;2178;2420;2662;2904;3146;3388;3630;3872;4114;4356;4598;4840
243;486;729;972;1215;1458;1701;1944;2187;2430;2673;2916;3159;3402;3645;3888;4131;4374;4617;4860
244;488;732;976;1220;1464;1708;1952;2196;2440;2684;2928;3172;3416;3660;3904;4148;4392;4636;4880
245;490;735;980;1225;1470;1715;1960;2205;2450;2695;2940;3185;3430;3675;3920;4165;4410;4655;4900
246;492;738;984;1230;1476;1722;1968;2214;2460;2706;2952;3198;3444;3690;3936;4182;4428;4674;4920
247;494;741;988;1235;1482;1729;1976;2223;2470;2717;2964;3211;3458;3705;3952;4199;4446;4693;4940
248;496;744;992;1240;1488;1736;1984;2232;2480;2728;2976;3224;3472;3720;3968;4216;4464;4712;4960
249;498;747;996;1245;1494;1743;1992;2241;2490;2739;2988;3237;3486;3735;3984;4233;4482;4731;4980
250;500;750;1000;1250;1500;1750;2000;2250;2500;2750;3000;3250;3500;3750;4000;4250;4500;4750;5000
251;502;753;1004;1255;1506;1757;2008;2259;2510;2761;3012;3263;3514;3765;4016;4267;4518;4769;5020
252;504;756;1008;1260;1512;1764;2016;2268;2520;2772;3024;3276;3528;3780;4032;4284;4536;4788;5040
253;506;759;1012;1265;1518;1771;2024;2277;2530;2783;3036;3289;3542;3795;4048;4301;4554;4807;5060
254;508;762;1016;1270;1524;1778;2032;2286;2540;2794;3048;3302;3556;3810;4064;4318;4572;4826;5080
255;510;765;1020;1275;1530;1785;2040;2295;2550;2805;3060;3315;3570;3825;4080;4335;4590;4845;5100
256;512;768;1024;1280;1536;1792;2048;2304;2560;2816;3072;3328;3584;3840;4096;4352;4608;4864;5120
257;514;771;1028;1285;1542;1799;2056;2313;2570;2827;3084;3341;3598;3855;4112;4369;4626;4883;5140
258;516;774;1032;1290;1548;1806;2064;2322;2580;2838;3096;3354;3612;3870;4128;4386;4644;4902;5160
259;518;777;1036;1295;1554;1813;2072;2331;2590;2849;3108;3367;3626;3885;4144;4403;4662;4921;5180
260;520;780;1040;1300;1560;1820;2080;2340;2600;2860;3120;3380;3640;3900;4160;4420;4680;4940;5200
261;522;783;1044;1305;1566;1827;2088;2349;2610;2871;3132;3393;3654;3915;4176;4437;4698;4959;5220
262;524;786;1048;1310;1572;1834;2096;2358;2620;2882;3144;3406;3668;3930;4192;4454;4716;4978;5240
263;526;789;1052;1315;1578;1841;2104;2367;2630;2893;3156;3419;3682;3945;4208;4471;4734;4997;5260
264;528;792;1056;1320;1584;1848;2112;2376;2640;2904;3168;3432;3696;3960;4224;4488;4752;5016;5280
265;530;795;1060;1325;1590;1855;2120;2385;2650;2915;3180;3445;3710;3975;4240;4505;4770;5035;5300
266;532;798;1064;1330;1596;1862;2128;2394;2660;2926;3192;3458;3724;3990;4256;4522;4788;5054;5320
267;534;801;1068;1335;1602;1869;2136;2403;2670;2937;3204;3471;3738;4005;4272;4539;4806;5073;5340
268;536;804;1072;1340;1608;1876;2144;2412;2680;2948;3216;3484;3752;4020;4288;4556;4824;5092;5360
269;538;807;1076;1345;1614;1883;2152;2421;2690;2959;3228;3497;3766;4035;4304;4573;4842;5111;5380
270;540;810;1080;1350;1620;1890;2160;2430;2700;2970;3240;3510;3780;4050;4320;4590;4860;5130;5400
271;542;813;1084;1355;1626;1897;2168;2439;2710;2981;3252;3523;3794;4065;4336;4607;4878;5149;5420
272;544;816;1088;1360;1632;1904;2176;2448;2720;2992;3264;3536;3808;4080;4352;4624;4896;5168;5440
273;546;819;1092;1365;1638;1911;2184;2457;2730;3003;3276;3549;3822;4095;4368;4641;4914;5187;5460
274;548;822;1096;1370;1644;1918;2192;2466;2740;3014;3288;3562;3836;4110;4384;4658;4932;5206;5480
275;550;825;1100;1375;1650;1925;2200;2475;2750;3025;3300;3575;3850;4125;4400;4675;4950;5225;5500
276;552;828;1104;1380;1656;1932;2208;2484;2760;3036;3312;3588;3864;4140;4416;4692;4968;5244;5520
277;554;831;1108;1385;1662;1939;2216;2493;2770;3047;3324;3601;3878;4155;4432;4709;4986;5263;5540
278;556;834;1112;1390;1668;1946;2224;2502;2780;3058;3336;3614;3892;4170;4448;4726;5004;5282;5560
279;558;837;1116;1395;1674;1953;2232;2511;2790;3069;3348;3627;3906;4185;4464;4743;5022;5301;5580
280;560;840;1120;1400;1680;1960;2240;2520;2800;3080;3360;3640;3920;4200;4480;4760;5040;5320;5600
281;562;843;1124;1405;1686;1967;2248;2529;2810;3091;3372;3653;3934;4215;4496;4777;5058;5339;5620
282;564;846;1128;1410;1692;1974;2256;2538;2820;3102;3384;3666;3948;4230;4512;4794;5076;5358;5640
283;566;849;1132;1415;1698;1981;2264;2547;2830;3113;3396;3679;3962;4245;4528;4811;5094;5377;5660
284;568;852;1136;1420;1704;1988;2272;2556;2840;3124;3408;3692;3976;4260;4544;4828;5112;5396;5680
285;570;855;1140;1425;1710;1995;2280;2565;2850;3135;3420;3705;3990;4275;4560;4845;5130;5415;5700
286;572;858;1144;1430;1716;2002;2288;2574;2860;3146;3432;3718;4004;4290;4576;4862;5148;5434;5720
287;574;861;1148;1435;1722;2009;2296;2583;2870;3157;3444;3731;4018;4305;4592;4879;5166;5453;5740
288;576;864;1152;1440;1728;2016;2304;2592;2880;3168;3456;3744;4032;4320;4608;4896;5184;5472;5760
289;578;867;1156;1445;1734;2023;2312;2601;2890;3179;3468;3757;4046;4335;4624;4913;5202;5491;5780
290;580;870;1160;1450;1740;2030;2320;2610;2900;3190;3480;3770;4060;4350;4640;4930;5220;5510;5800
291;582;873;1164;1455;1746;2037;2328;2619;2910;3201;3492;3783;4074;4365;4656;4947;5238;5529;5820
292;584;876;1168;1460;1752;2044;2336;2628;2920;3212;3504;3796;4088;4380;4672;4964;5256;5548;5840
293;586;879;1172;1465;1758;2051;2344;2637;2930;3223;3516;3809;4102;4395;4688;4981;5274;5567;5860
294;588;882;1176;1470;1764;2058;2352;2646;2940;3234;3528;3822;4116;4410;4704;4998;5292;5586;5880
295;590;885;1180;1475;1770;2065;2360;2655;2950;3245;3540;3835;4130;4425;4720;5015;5310;5605;5900
296;592;888;1184;1480;1776;2072;2368;2664;2960;3256;3552;3848;4144;4440;4736;5032;5328;5624;5920
297;594;891;1188;1485;1782;2079;2376;2673;2970;3267;3564;3861;4158;4455;4752;5049;5346;5643;5940
298;596;894;1192;1490;1788;2086;2384;2682;2980;3278;3576;3874;4172;4470;4768;5066;5364;5662;5960
299;598;897;1196;1495;1794;2093;2392;2691;2990;3289;3588;3887;4186;4485;4784;5083;5382;5681;5980
300;600;900;1200;1500;1800;2100;2400;2700;3000;3300;3600;3900;4200;4500;4800;5100;5400;5700;6000
301;602;903;1204;1505;1806;2107;2408;2709;3010;3311;3612;3913;4214;4515;4816;5117;5418;5719;6020
302;604;906;1208;1510;1812;2114;2416;2718;3020;3322;3624;3926;4228;4530;4832;5134;5436;5738;6040
303;606;909;1212;1515;1818;2121;2424;2727;3030;3333;3636;3939;4242;4545;4848;5151;5454;5757;6060
304;608;912;1216;1520;1824;2128;2432;2736;3040;3344;3648;3952;4256;4560;4864;5168;5472;5776;6080
305;610;915;1220;1525;1830;2135;2440;2745;3050;3355;3660;3965;4270;4575;4880;5185;5490;5795;6100
306;612;918;1224;1530;1836;2142;2448;2754;3060;3366;3672;3978;4284;4590;4896;5202;5508;5814;6120
307;614;921;1228;1535;1842;2149;2456;2763;3070;3377;3684;3991;4298;4605;4912;5219;5526;5833;6140
308;616;924;1232;1540;1848;2156;2464;2772;3080;3388;3696;4004;4312;4620;4928;5236;5544;5852;6160
309;618;927;1236;1545;1854;2163;2472;2781;3090;3399;3708;4017;4326;4635;4944;5253;5562;5871;6180
310;620;930;1240;1550;1860;2170;2480;2790;3100;3410;3720;4030;4340;4650;4960;5270;5580;5890;6200
311;622;933;1244;1555;1866;2177;2488;2799;3110;3421;3732;4043;4354;4665;4976;5287;5598;5909;6220
312;624;936;1248;1560;1872;2184;2496;2808;3120;3432;3744;4056;4368;4680;4992;5304;5616;5928;6240
313;626;939;1252;1565;1878;2191;2504;2817;3130;3443;3756;4069;4382;4695;5008;5321;5634;5947;6260
314;628;942;1256;1570;1884;2198;2512;2826;3140;3454;3768;4082;4396;4710;5024;5338;5652;5966;6280
315;630;945;1260;1575;1890;2205;2520;2835;3150;3465;3780;4095;4410;4725;5040;5355;5670;5985;6300
316;632;948;1264;1580;1896;2212;2528;2844;3160;3476;3792;4108;4424;4740;5056;5372;5688;6004;6320
317;634;951;1268;1585;1902;2219;2536;2853;3170;3487;3804;4121;4438;4755;5072;5389;5706;6023;6340
318;636;954;1272;1590;1908;2226;2544;2862;3180;3498;3816;4134;4452;4770;5088;5406;5724;6042;6360
319;638;957;1276;1595;1914;2233;2552;2871;3190;3509;3828;4147;4466;4785;5104;5423;5742;6061;6380
320;640;960;1280;1600;1920;2240;2560;2880;3200;3520;3840;4160;4480;4800;5120;5440;5760;6080;6400
321;642;963;1284;1605;1926;2247;2568;2889;3210;3531;3852;4173;4494;4815;5136;5457;5778;6099;6420
322;644;966;1288;1610;1932;2254;2576;2898;3220;3542;3864;4186;4508;4830;5152;5474;5796;6118;6440
323;646;969;1292;1615;1938;2261;2584;2907;3230;3553;3876;4199;4522;4845;5168;5491;5814;6137;6460
324;648;972;1296;1620;1944;2268;2592;2916;3240;3564;3888;4212;4536;4860;5184;5508;5832;6156;6480
325;650;975;1300;1625;1950;2275;2600;2925;3250;3575;3900;4225;4550;4875;5200;5525;5850;6175;6500
326;652;978;1304;1630;1956;2282;2608;2934;3260;3586;3912;4238;4564;4890;5216;5542;5868;6194;6520
327;654;981;1308;1635;1962;2289;2616;2943;3270;3597;3924;4251;4578;4905;5232;5559;5886;6213;6540
328;656;984;1312;1640;1968;2296;2624;2952;3280;3608;3936;4264;4592;4920;5248;5576;5904;6232;6560
329;658;987;1316;1645;1974;2303;2632;2961;3290;3619;3948;4277;4606;4935;5264;5593;5922;6251;6580
330;660;990;1320;1650;1980;2310;2640;2970;3300;3630;3960;4290;4620;4950;5280;5610;5940;6270;6600
331;662;993;1324;1655;1986;2317;2648;2979;3310;3641;3972;4303;4634;4965;5296;5627;5958;6289;6620
332;664;996;1328;1660;1992;2324;2656;2988;3320;3652;3984;4316;4648;4980;5312;5644;5976;6308;6640
333;666;999;1332;1665;1998;2331;2664;2997;3330;3663;3996;4329;4662;4995;5328;5661;5994;6327;6660
334;668;1002;1336;1670;2004;2338;2672;3006;3340;3674;4008;4342;4676;5010;5344;5678;6012;6346;6680
335;670;1005;1340;1675;2010;2345;2680;3015;3350;3685;4020;4355;4690;5025;5360;5695;6030;6365;6700
336;672;1008;1344;1680;2016;2352;2688;3024;3360;3696;4032;4368;4704;5040;5376;5712;6048;6384;6720
337;674;1011;1348;1685;2022;2359;2696;3033;3370;3707;4044;4381;4718;5055;5392;5729;6066;6403;6740
338;676;1014;1352;1690;2028;2366;2704;3042;3380;3718;4056;4394;4732;5070;5408;5746;6084;6422;6760
339;678;1017;1356;1695;2034;2373;2712;3051;3390;3729;4068;4407;4746;5085;5424;5763;6102;6441;6780
340;680;1020;1360;1700;2040;2380;2720;3060;3400;3740;4080;4420;4760;5100;5440;5780;6120;6460;6800
341;682;1023;1364;1705;2046;2387;2728;3069;3410;3751;4092;4433;4774;5115;5456;5797;6138;6479;6820
342;684;1026;1368;1710;2052;2394;2736;3078;3420;3762;4104;4446;4788;5130;5472;5814;6156;6498;6840
343;686;1029;1372;1715;2058;2401;2744;3087;3430;3773;4116;4459;4802;5145;5488;5831;6174;6517;6860
344;688;1032;1376;1720;2064;2408;2752;3096;3440;3784;4128;4472;4816;5160;5504;5848;6192;6536;6880
345;690;1035;1380;1725;2070;2415;2760;3105;3450;3795;4140;4485;4830;5175;5520;5865;6210;6555;6900
346;692;1038;1384;1730;2076;2422;2768;3114;3460;3806;4152;4498;4844;5190;5536;5882;6228;6574;6920
347;694;1041;1388;1735;2082;2429;2776;3123;3470;3817;4164;4511;4858;5205;5552;5899;6246;6593;6940
348;696;1044;1392;1740;2088;2436;2784;3132;3480;3828;4176;4524;4872;5220;5568;5916;6264;6612;6960
349;698;1047;1396;1745;2094;2443;2792;3141;3490;3839;4188;4537;4886;5235;5584;5933;6282;6631;6980
350;700;1050;1400;1750;2100;2450;2800;3150;3500;3850;4200;4550;4900;5250;5600;5950;6300;6650;7000
351;702;1053;1404;1755;2106;2457;2808;3159;3510;3861;4212;4563;4914;5265;5616;5967;6318;6669;7020
352;704;1056;1408;1760;2112;2464;2816;3168;3520;3872;4224;4576;4928;5280;5632;5984;6336;6688;7040
353;706;1059;1412;1765;2118;2471;2824;3177;3530;3883;4236;4589;4942;5295;5648;6001;6354;6707;7060
354;708;1062;1416;1770;2124;2478;2832;3186;3540;3894;4248;4602;4956;5310;5664;6018;6372;6726;7080
355;710;1065;1420;1775;2130;2485;2840;3195;3550;3905;4260;4615;4970;5325;5680;6035;6390;6745;7100
356;712;1068;1424;1780;2136;2492;2848;3204;3560;3916;4272;4628;4984;5340;5696;6052;6408;6764;7120
357;714;1071;1428;1785;2142;2499;2856;3213;3570;3927;4284;4641;4998;5355;5712;6069;6426;6783;7140
358;716;1074;1432;1790;2148;2506;2864;3222;3580;3938;4296;4654;5012;5370;5728;6086;6444;6802;7160
359;718;1077;1436;1795;2154;2513;2872;3231;3590;3949;4308;4667;5026;5385;5744;6103;6462;6821;7180
360;720;1080;1440;1800;2160;2520;2880;3240;3600;3960;4320;4680;5040;5400;5760;6120;6480;6840;7200
361;722;1083;1444;1805;2166;2527;2888;3249;3610;3971;4332;4693;5054;5415;5776;6137;6498;6859;7220
362;724;1086;1448;1810;2172;2534;2896;3258;3620;3982;4344;4706;5068;5430;5792;6154;6516;6878;7240
363;726;1089;1452;1815;2178;2541;2904;3267;3630;3993;4356;4719;5082;5445;5808;6171;6534;6897;7260
364;728;1092;1456;1820;2184;2548;2912;3276;3640;4004;4368;4732;5096;5460;5824;6188;6552;6916;7280
365;730;1095;1460;1825;2190;2555;2920;3285;3650;4015;4380;4745;5110;5475;5840;6205;6570;6935;7300
366;732;1098;1464;1830;2196;2562;2928;3294;3660;4026;4392;4758;5124;5490;5856;6222;6588;6954;7320
367;734;1101;1468;1835;2202;2569;2936;3303;3670;4037;4404;4771;5138;5505;5872;6239;6606;6973;7340
368;736;1104;1472;1840;2208;2576;2944;3312;3680;4048;4416;4784;5152;5520;5888;6256;6624;6992;7360
369;738;1107;1476;1845;2214;2583;2952;3321;3690;4059;4428;4797;5166;5535;5904;6273;6642;7011;7380
370;740;1110;1480;1850;2220;2590;2960;3330;3700;4070;4440;4810;5180;5550;5920;6290;6660;7030;7400
371;742;1113;1484;1855;2226;2597;2968;3339;3710;4081;4452;4823;5194;5565;5936;6307;6678;7049;7420
372;744;1116;1488;1860;2232;2604;2976;3348;3720;4092;4464;4836;5208;5580;5952;6324;6696;7068;7440
373;746;1119;1492;1865;2238;2611;2984;3357;3730;4103;4476;4849;5222;5595;5968;6341;6714;7087;7460
374;748;1122;1496;1870;2244;2618;2992;3366;3740;4114;4488;4862;5236;5610;5984;6358;6732;7106;7480
375;750;1125;1500;1875;2250;2625;3000;3375;3750;4125;4500;4875;5250;5625;6000;6375;6750;7125;7500
376;752;1128;1504;1880;2256;2632;3008;3384;3760;4136;4512;4888;5264;5640;6016;6392;6768;7144;7520
377;754;1131;1508;1885;2262;2639;3016;3393;3770;4147;4524;4901;5278;5655;6032;6409;6786;7163;7540
378;756;1134;1512;1890;2268;2646;3024;3402;3780;4158;4536;4914;5292;5670;6048;6426;6804;7182;7560
379;758;1137;1516;1895;2274;2653;3032;3411;3790;4169;4548;4927;5306;5685;6064;6443;6822;7201;7580
380;760;1140;1520;1900;2280;2660;3040;3420;3800;4180;4560;4940;5320;5700;6080;6460;6840;7220;7600
381;762;1143;1524;1905;2286;2667;3048;3429;3810;4191;4572;4953;5334;5715;6096;6477;6858;7239;7620
382;764;1146;1528;1910;2292;2674;3056;3438;3820;4202;4584;4966;5348;5730;6112;6494;6876;7258;7640
383;766;1149;1532;1915;2298;2681;3064;3447;3830;4213;4596;4979;5362;5745;6128;6511;6894;7277;7660
384;768;1152;1536;1920;2304;2688;3072;3456;3840;4224;4608;4992;5376;5760;6144;6528;6912;7296;7680
385;770;1155;1540;1925;2310;2695;3080;3465;3850;4235;4620;5005;5390;5775;6160;6545;6930;7315;7700
386;772;1158;1544;1930;2316;2702;3088;3474;3860;4246;4632;5018;5404;5790;6176;6562;6948;7334;7720
387;774;1161;1548;1935;2322;2709;3096;3483;3870;4257;4644;5031;5418;5805;6192;6579;6966;7353;7740
388;776;1164;1552;1940;2328;2716;3104;3492;3880;4268;4656;5044;5432;5820;6208;6596;6984;7372;7760
389;778;1167;1556;1945;2334;2723;3112;3501;3890;4279;4668;5057;5446;5835;6224;6613;7002;7391;7780
390;780;1170;1560;1950;2340;2730;3120;3510;3900;4290;4680;5070;5460;5850;6240;6630;7020;7410;7800
391;782;1173;1564;1955;2346;2737;3128;3519;3910;4301;4692;5083;5474;5865;6256;6647;7038;7429;7820
392;784;1176;1568;1960;2352;2744;3136;3528;3920;4312;4704;5096;5488;5880;6272;6664;7056;7448;7840
393;786;1179;1572;1965;2358;2751;3144;3537;3930;4323;4716;5109;5502;5895;6288;6681;7074;7467;7860
394;788;1182;1576;1970;2364;2758;3152;3546;3940;4334;4728;5122;5516;5910;6304;6698;7092;7486;7880
395;790;1185;1580;1975;2370;2765;3160;3555;3950;4345;4740;5135;5530;5925;6320;6715;7110;7505;7900
396;792;1188;1584;1980;2376;2772;3168;3564;3960;4356;4752;5148;5544;5940;6336;6732;7128;7524;7920
397;794;1191;1588;1985;2382;2779;3176;3573;3970;4367;4764;5161;5558;5955;6352;6749;7146;7543;7940
398;796;1194;1592;1990;2388;2786;3184;3582;3980;4378;4776;5174;5572;5970;6368;6766;7164;7562;7960
399;798;1197;1596;1995;2394;2793;3192;3591;3990;4389;4788;5187;5586;5985;6384;6783;7182;7581;7980
400;800;1200;1600;2000;2400;2800;3200;3600;4000;4400;4800;5200;5600;6000;6400;6800;7200;7600;8000
401;802;1203;1604;2005;2406;2807;3208;3609;4010;4411;4812;5213;5614;6015;6416;6817;7218;7619;8020
402;804;1206;1608;2010;2412;2814;3216;3618;4020;4422;4824;5226;5628;6030;6432;6834;7236;7638;8040
403;806;1209;1612;2015;2418;2821;3224;3627;4030;4433;4836;5239;5642;6045;6448;6851;7254;7657;8060
404;808;1212;1616;2020;2424;2828;3232;3636;4040;4444;4848;5252;5656;6060;6464;6868;7272;7676;8080
405;810;1215;1620;2025;2430;2835;3240;3645;4050;4455;4860;5265;5670;6075;6480;6885;7290;7695;8100
406;812;1218;1624;2030;2436;2842;3248;3654;4060;4466;4872;5278;5684;6090;6496;6902;7308;7714;8120
407;814;1221;1628;2035;2442;2849;3256;3663;4070;4477;4884;5291;5698;6105;6512;6919;7326;7733;8140
408;816;1224;1632;2040;2448;2856;3264;3672;4080;4488;4896;5304;5712;6120;6528;6936;7344;7752;8160
409;818;1227;1636;2045;2454;2863;3272;3681;4090;4499;4908;5317;5726;6135;6544;6953;7362;7771;8180
410;820;1230;1640;2050;2460;2870;3280;3690;4100;4510;4920;5330;5740;6150;6560;6970;7380;7790;8200
411;822;1233;1644;2055;2466;2877;3288;3699;4110;4521;4932;5343;5754;6165;6576;6987;7398;7809;8220
412;824;1236;1648;2060;2472;2884;3296;3708;4120;4532;4944;5356;5768;6180;6592;7004;7416;7828;8240
413;826;1239;1652;2065;2478;2891;3304;3717;4130;4543;4956;5369;5782;6195;6608;7021;7434;7847;8260
414;828;1242;1656;2070;2484;2898;3312;3726;4140;4554;4968;5382;5796;6210;6624;7038;7452;7866;8280
415;830;1245;1660;2075;2490;2905;3320;3735;4150;4565;4980;5395;5810;6225;6640;7055;7470;7885;8300
416;832;1248;1664;2080;2496;2912;3328;3744;4160;4576;4992;5408;5824;6240;6656;7072;7488;7904;8320
417;834;1251;1668;2085;2502;2919;3336;3753;4170;4587;5004;5421;5838;6255;6672;7089;7506;7923;8340
418;836;1254;1672;2090;2508;2926;3344;3762;4180;4598;5016;5434;5852;6270;6688;7106;7524;7942;8360
419;838;1257;1676;2095;2514;2933;3352;3771;4190;4609;5028;5447;5866;6285;6704;7123;7542;7961;8380
420;840;1260;1680;2100;2520;2940;3360;3780;4200;4620;5040;5460;5880;6300;6720;7140;7560;7980;8400
421;842;1263;1684;2105;2526;2947;3368;3789;4210;4631;5052;5473;5894;6315;6736;7157;7578;7999;8420
422;844;1266;1688;2110;2532;2954;3376;3798;4220;4642;5064;5486;5908;6330;6752;7174;7596;8018;8440
423;846;1269;1692;2115;2538;2961;3384;3807;4230;4653;5076;5499;5922;6345;6768;7191;7614;8037;8460
424;848;1272;1696;2120;2544;2968;3392;3816;4240;4664;5088;5512;5936;6360;6784;7208;7632;8056;8480
425;850;1275;1700;2125;2550;2975;3400;3825;4250;4675;5100;5525;5950;6375;6800;7225;7650;8075;8500
426;852;1278;1704;2130;2556;2982;3408;3834;4260;4686;5112;5538;5964;6390;6816;7242;7668;8094;8520
427;854;1281;1708;2135;2562;2989;3416;3843;4270;4697;5124;5551;5978;6405;6832;7259;7686;8113;8540
428;856;1284;1712;2140;2568;2996;3424;3852;4280;4708;5136;5564;5992;6420;6848;7276;7704;8132;8560
429;858;1287;1716;2145;2574;3003;3432;3861;4290;4719;5148;5577;6006;6435;6864;7293;7722;8151;8580
430;860;1290;1720;2150;2580;3010;3440;3870;4300;4730;5160;5590;6020;6450;6880;7310;7740;8170;8600
431;862;1293;1724;2155;2586;3017;3448;3879;4310;4741;5172;5603;6034;6465;6896;7327;7758;8189;8620
432;864;1296;1728;2160;2592;3024;3456;3888;4320;4752;5184;5616;6048;6480;6912;7344;7776;8208;8640
433;866;1299;1732;2165;2598;3031;3464;3897;4330;4763;5196;5629;6062;6495;6928;7361;7794;8227;8660
434;868;1302;1736;2170;2604;3038;3472;3906;4340;4774;5208;5642;6076;6510;6944;7378;7812;8246;8680
435;870;1305;1740;2175;2610;3045;3480;3915;4350;4785;5220;5655;6090;6525;6960;7395;7830;8265;8700
436;872;1308;1744;2180;2616;3052;3488;3924;4360;4796;5232;5668;6104;6540;6976;7412;7848;8284;8720
437;874;1311;1748;2185;2622;3059;3496;3933;4370;4807;5244;5681;6118;6555;6992;7429;7866;8303;8740
438;876;1314;1752;2190;2628;3066;3504;3942;4380;4818;5256;5694;6132;6570;7008;7446;7884;8322;8760
439;878;1317;1756;2195;2634;3073;3512;3951;4390;4829;5268;5707;6146;6585;7024;7463;7902;8341;8780
440;880;1320;1760;2200;2640;3080;3520;3960;4400;4840;5280;5720;6160;6600;7040;7480;7920;8360;8800
441;882;1323;1764;2205;2646;3087;3528;3969;4410;4851;5292;5733;6174;6615;7056;7497;7938;8379;8820
442;884;1326;1768;2210;2652;3094;3536;3978;4420;4862;5304;5746;6188;6630;7072;7514;7956;8398;8840
443;886;1329;1772;2215;2658;3101;3544;3987;4430;4873;5316;5759;6202;6645;7088;7531;7974;8417;8860
444;888;1332;1776;2220;2664;3108;3552;3996;4440;4884;5328;5772;6216;6660;7104;7548;7992;8436;8880
445;890;1335;1780;2225;2670;3115;3560;4005;4450;4895;5340;5785;6230;6675;7120;7565;8010;8455;8900
446;892;1338;1784;2230;2676;3122;3568;4014;4460;4906;5352;5798;6244;6690;7136;7582;8028;8474;8920
447;894;1341;1788;2235;2682;3129;3576;4023;4470;4917;5364;5811;6258;6705;7152;7599;8046;8493;8940
448;896;1344;1792;2240;2688;3136;3584;4032;4480;4928;5376;5824;6272;6720;7168;7616;8064;8512;8960
449;898;1347;1796;2245;2694;3143;3592;4041;4490;4939;5388;5837;6286;6735;7184;7633;8082;8531;8980
450;900;1350;1800;2250;2700;3150;3600;4050;4500;4950;5400;5850;6300;6750;7200;7650;8100;8550;9000
451;902;1353;1804;2255;2706;3157;3608;4059;4510;4961;5412;5863;6314;6765;7216;7667;8118;8569;9020
452;904;1356;1808;2260;2712;3164;3616;4068;4520;4972;5424;5876;6328;6780;7232;7684;8136;8588;9040
453;906;1359;1812;2265;2718;3171;3624;4077;4530;4983;5436;5889;6342;6795;7248;7701;8154;8607;9060
454;908;1362;1816;2270;2724;3178;3632;4086;4540;4994;5448;5902;6356;6810;7264;7718;8172;8626;9080
455;910;1365;1820;2275;2730;3185;3640;4095;4550;5005;5460;5915;6370;6825;7280;7735;8190;8645;9100
456;912;1368;1824;2280;2736;3192;3648;4104;4560;5016;5472;5928;6384;6840;7296;7752;8208;8664;9120
457;914;1371;1828;2285;2742;3199;3656;4113;4570;5027;5484;5941;6398;6855;7312;7769;8226;8683;9140
458;916;1374;1832;2290;2748;3206;3664;4122;4580;5038;5496;5954;6412;6870;7328;7786;8244;8702;9160
459;918;1377;1836;2295;2754;3213;3672;4131;4590;5049;5508;5967;6426;6885;7344;7803;8262;8721;9180
460;920;1380;1840;2300;2760;3220;3680;4140;4600;5060;5520;5980;6440;6900;7360;7820;8280;8740;9200
461;922;1383;1844;2305;2766;3227;3688;4149;4610;5071;5532;5993;6454;6915;7376;7837;8298;8759;9220
462;924;1386;1848;2310;2772;3234;3696;4158;4620;5082;5544;6006;6468;6930;7392;7854;8316;8778;9240
463;926;1389;1852;2315;2778;3241;3704;4167;4630;5093;5556;6019;6482;6945;7408;7871;8334;8797;9260
464;928;1392;1856;2320;2784;3248;3712;4176;4640;5104;5568;6032;6496;6960;7424;7888;8352;8816;9280
465;930;1395;1860;2325;2790;3255;3720;4185;4650;5115;5580;6045;6510;6975;7440;7905;8370;8835;9300
466;932;1398;1864;2330;2796;3262;3728;4194;4660;5126;5592;6058;6524;6990;7456;7922;8388;8854;9320
467;934;1401;1868;2335;2802;3269;3736;4203;4670;5137;5604;6071;6538;7005;7472;7939;8406;8873;9340
468;936;1404;1872;2340;2808;3276;3744;4212;4680;5148;5616;6084;6552;7020;7488;7956;8424;8892;9360
469;938;1407;1876;2345;2814;3283;3752;4221;4690;5159;5628;6097;6566;7035;7504;7973;8442;8911;9380
470;940;1410;1880;2350;2820;3290;3760;4230;4700;5170;5640;6110;6580;7050;7520;7990;8460;8930;9400
471;942;1413;1884;2355;2826;3297;3768;4239;4710;5181;5652;6123;6594;7065;7536;8007;8478;8949;9420
472;944;1416;1888;2360;2832;3304;3776;4248;4720;5192;5664;6136;6608;7080;7552;8024;8496;8968;9440
473;946;1419;1892;2365;2838;3311;3784;4257;4730;5203;5676;6149;6622;7095;7568;8041;8514;8987;9460
474;948;1422;1896;2370;2844;3318;3792;4266;4740;5214;5688;6162;6636;7110;7584;8058;8532;9006;9480
475;950;1425;1900;2375;2850;3325;3800;4275;4750;5225;5700;6175;6650;7125;7600;8075;8550;9025;9500
476;952;1428;1904;2380;2856;3332;3808;4284;4760;5236;5712;6188;6664;7140;7616;8092;8568;9044;9520
477;954;1431;1908;2385;2862;3339;3816;4293;4770;5247;5724;6201;6678;7155;7632;8109;8586;9063;9540
478;956;1434;1912;2390;2868;3346;3824;4302;4780;5258;5736;6214;6692;7170;7648;8126;8604;9082;9560
479;958;1437;1916;2395;2874;3353;3832;4311;4790;5269;5748;6227;6706;7185;7664;8143;8622;9101;9580
480;960;1440;1920;2400;2880;3360;3840;4320;4800;5280;5760;6240;6720;7200;7680;8160;8640;9120;9600
481;962;1443;1924;2405;2886;3367;3848;4329;4810;5291;5772;6253;6734;7215;7696;8177;8658;9139;9620
482;964;1446;1928;2410;2892;3374;3856;4338;4820;5302;5784;6266;6748;7230;7712;8194;8676;9158;9640
483;966;1449;1932;2415;2898;3381;3864;4347;4830;5313;5796;6279;6762;7245;7728;8211;8694;9177;9660
484;968;1452;1936;2420;2904;3388;3872;4356;4840;5324;5808;6292;6776;7260;7744;8228;8712;9196;9680
485;970;1455;1940;2425;2910;3395;3880;4365;4850;5335;5820;6305;6790;7275;7760;8245;8730;9215;9700
486;972;1458;1944;2430;2916;3402;3888;4374;4860;5346;5832;6318;6804;7290;7776;8262;8748;9234;9720
487;974;1461;1948;2435;2922;3409;3896;4383;4870;5357;5844;6331;6818;7305;7792;8279;8766;9253;9740
488;976;1464;1952;2440;2928;3416;3904;4392;4880;5368;5856;6344;6832;7320;7808;8296;8784;9272;9760
489;978;1467;1956;2445;2934;3423;3912;4401;4890;5379;5868;6357;6846;7335;7824;8313;8802;9291;9780
490;980;1470;1960;2450;2940;3430;3920;4410;4900;5390;5880;6370;6860;7350;7840;8330;8820;9310;9800
491;982;1473;1964;2455;2946;3437;3928;4419;4910;5401;5892;6383;6874;7365;7856;8347;8838;9329;9820
492;984;1476;1968;2460;2952;3444;3936;4428;4920;5412;5904;6396;6888;7380;7872;8364;8856;9348;9840
493;986;1479;1972;2465;2958;3451;3944;4437;4930;5423;5916;6409;6902;7395;7888;8381;8874;9367;9860
494;988;1482;1976;2470;2964;3458;3952;4446;4940;5434;5928;6422;6916;7410;7904;8398;8892;9386;9880
495;990;1485;1980;2475;2970;3465;3960;4455;4950;5445;5940;6435;6930;7425;7920;8415;8910;9405;9900
496;992;1488;1984;2480;2976;3472;3968;4464;4960;5456;5952;6448;6944;7440;7936;8432;8928;9424;9920
497;994;1491;1988;2485;2982;3479;3976;4473;4970;5467;5964;6461;6958;7455;7952;8449;8946;9443;9940
498;996;1494;1992;2490;2988;3486;3984;4482;4980;5478;5976;6474;6972;7470;7968;8466;8964;9462;9960
499;998;1497;1996;2495;2994;3493;3992;4491;4990;5489;5988;6487;6986;7485;7984;8483;8982;9481;9980
500;1000;1500;2000;2500;3000;3500;4000;4500;5000;5500;6000;6500;7000;7500;8000;8500;9000;9500;10000
501;1002;1503;2004;2505;3006;3507;4008;4509;5010;5511;6012;6513;7014;7515;8016;8517;9018;9519;10020
502;1004;1506;2008;2510;3012;3514;4016;4518;5020;5522;6024;6526;7028;7530;8032;8534;9036;9538;10040
503;1006;1509;2012;2515;3018;3521;4024;4527;5030;5533;6036;6539;7042;7545;8048;8551;9054;9557;10060
504;1008;1512;2016;2520;3024;3528;4032;4536;5040;5544;6048;6552;7056;7560;8064;8568;9072;9576;10080
505;1010;1515;2020;2525;3030;3535;4040;4545;5050;5555;6060;6565;7070;7575;8080;8585;9090;9595;10100
506;1012;1518;2024;2530;3036;3542;4048;4554;5060;5566;6072;6578;7084;7590;8096;8602;9108;9614;10120
507;1014;1521;2028;2535;3042;3549;4056;4563;5070;5577;6084;6591;7098;7605;8112;8619;9126;9633;10140
508;1016;1524;2032;2540;3048;3556;4064;4572;5080;5588;6096;6604;7112;7620;8128;8636;9144;9652;10160
509;1018;1527;2036;2545;3054;3563;4072;4581;5090;5599;6108;6617;7126;7635;8144;8653;9162;9671;10180
510;1020;1530;2040;2550;3060;3570;4080;4590;5100;5610;6120;6630;7140;7650;8160;8670;9180;9690;10200
511;1022;1533;2044;2555;3066;3577;4088;4599;5110;5621;6132;6643;7154;7665;8176;8687;9198;9709;10220
512;1024;1536;2048;2560;3072;3584;4096;4608;5120;5632;6144;6656;7168;7680;8192;8704;9216;9728;10240
513;1026;1539;2052;2565;3078;3591;4104;4617;5130;5643;6156;6669;7182;7695;8208;8721;9234;9747;10260
514;1028;1542;2056;2570;3084;3598;4112;4626;5140;5654;6168;6682;7196;7710;8224;8738;9252;9766;10280
515;1030;1545;2060;2575;3090;3605;4120;4635;5150;5665;6180;6695;7210;7725;8240;8755;9270;9785;10300
516;1032;1548;2064;2580;3096;3612;4128;4644;5160;5676;6192;6708;7224;7740;8256;8772;9288;9804;10320
517;1034;1551;2068;2585;3102;3619;4136;4653;5170;5687;6204;6721;7238;7755;8272;8789;9306;9823;10340
518;1036;1554;2072;2590;3108;3626;4144;4662;5180;5698;6216;6734;7252;7770;8288;8806;9324;9842;10360
519;1038;1557;2076;2595;3114;3633;4152;4671;5190;5709;6228;6747;7266;7785;8304;8823;9342;9861;10380
520;1040;1560;2080;2600;3120;3640;4160;4680;5200;5720;6240;6760;7280;7800;8320;8840;9360;9880;10400
521;1042;1563;2084;2605;3126;3647;4168;4689;5210;5731;6252;6773;7294;7815;8336;8857;9378;9899;10420
522;1044;1566;2088;2610;3132;3654;4176;4698;5220;5742;6264;6786;7308;7830;8352;8874;9396;9918;10440
523;1046;1569;2092;2615;3138;3661;4184;4707;5230;5753;6276;6799;7322;7845;8368;8891;9414;9937;10460
524;1048;1572;2096;2620;3144;3668;4192;4716;5240;5764;6288;6812;7336;7860;8384;8908;9432;9956;10480
525;1050;1575;2100;2625;3150;3675;4200;4725;5250;5775;6300;6825;7350;7875;8400;8925;9450;9975;10500
526;1052;1578;2104;2630;3156;3682;4208;4734;5260;5786;6312;6838;7364;7890;8416;8942;9468;9994;10520
527;1054;1581;2108;2635;3162;3689;4216;4743;5270;5797;6324;6851;7378;7905;8432;8959;9486;10013;10540
528;1056;1584;2112;2640;3168;3696;4224;4752;5280;5808;6336;6864;7392;7920;8448;8976;9504;10032;10560
529;1058;1587;2116;2645;3174;3703;4232;4761;5290;5819;6348;6877;7406;7935;8464;8993;9522;10051;10580
530;1060;1590;2120;2650;3180;3710;4240;4770;5300;5830;6360;6890;7420;7950;8480;9010;9540;10070;10600
531;1062;1593;2124;2655;3186;3717;4248;4779;5310;5841;6372;6903;7434;7965;8496;9027;9558;10089;10620
532;1064;1596;2128;2660;3192;3724;4256;4788;5320;5852;6384;6916;7448;7980;8512;9044;9576;10108;10640
533;1066;1599;2132;2665;3198;3731;4264;4797;5330;5863;6396;6929;7462;7995;8528;9061;9594;10127;10660
534;1068;1602;2136;2670;3204;3738;4272;4806;5340;5874;6408;6942;7476;8010;8544;9078;9612;10146;10680
535;1070;1605;2140;2675;3210;3745;4280;4815;5350;5885;6420;6955;7490;8025;8560;9095;9630;10165;10700
536;1072;1608;2144;2680;3216;3752;4288;4824;5360;5896;6432;6968;7504;8040;8576;9112;9648;10184;10720
537;1074;1611;2148;2685;3222;3759;4296;4833;5370;5907;6444;6981;7518;8055;8592;9129;9666;10203;10740
538;1076;1614;2152;2690;3228;3766;4304;4842;5380;5918;6456;6994;7532;8070;8608;9146;9684;10222;10760
539;1078;1617;2156;2695;3234;3773;4312;4851;5390;5929;6468;7007;7546;8085;8624;9163;9702;10241;10780
540;1080;1620;2160;2700;3240;3780;4320;4860;5400;5940;6480;7020;7560;8100;8640;9180;9720;10260;10800
541;1082;1623;2164;2705;3246;3787;4328;4869;5410;5951;6492;7033;7574;8115;8656;9197;9738;10279;10820
542;1084;1626;2168;2710;3252;3794;4336;4878;5420;5962;6504;7046;7588;8130;8672;9214;9756;10298;10840
543;1086;1629;2172;2715;3258;3801;4344;4887;5430;5973;6516;7059;7602;8145;8688;9231;9774;10317;10860
544;1088;1632;2176;2720;3264;3808;4352;4896;5440;5984;6528;7072;7616;8160;8704;9248;9792;10336;10880
545;1090;1635;2180;2725;3270;3815;4360;4905;5450;5995;6540;7085;7630;8175;8720;9265;9810;10355;10900
546;1092;1638;2184;2730;3276;3822;4368;4914;5460;6006;6552;7098;7644;8190;8736;9282;9828;10374;10920
547;1094;1641;2188;2735;3282;3829;4376;4923;5470;6017;6564;7111;7658;8205;8752;9299;9846;10393;10940
548;1096;1644;2192;2740;3288;3836;4384;4932;5480;6028;6576;7124;7672;8220;8768;9316;9864;10412;10960
549;1098;1647;2196;2745;3294;3843;4392;4941;5490;6039;6588;7137;7686;8235;8784;9333;9882;10431;10980
550;1100;1650;2200;2750;3300;3850;4400;4950;5500;6050;6600;7150;7700;8250;8800;9350;9900;10450;11000
551;1102;1653;2204;2755;3306;3857;4408;4959;5510;6061;6612;7163;7714;8265;8816;9367;9918;10469;11020
552;1104;1656;2208;2760;3312;3864;4416;4968;5520;6072;6624;7176;7728;8280;8832;9384;9936;10488;11040
553;1106;1659;2212;2765;3318;3871;4424;4977;5530;6083;6636;7189;7742;8295;8848;9401;9954;10507;11060
554;1108;1662;2216;2770;3324;3878;4432;4986;5540;6094;6648;7202;7756;8310;8864;9418;9972;10526;11080
555;1110;1665;2220;2775;3330;3885;4440;4995;5550;6105;6660;7215;7770;8325;8880;9435;9990;10545;11100
556;1112;1668;2224;2780;3336;3892;4448;5004;5560;6116;6672;7228;7784;8340;8896;9452;10008;10564;11120
557;1114;1671;2228;2785;3342;3899;4456;5013;5570;6127;6684;7241;7798;8355;8912;9469;10026;10583;11140
558;1116;1674;2232;2790;3348;3906;4464;5022;5580;6138;6696;7254;7812;8370;8928;9486;10044;10602;11160
559;1118;1677;2236;2795;3354;3913;4472;5031;5590;6149;6708;7267;7826;8385;8944;9503;10062;10621;11180
560;1120;1680;2240;2800;3360;3920;4480;5040;5600;6160;6720;7280;7840;8400;8960;9520;10080;10640;11200
561;1122;1683;2244;2805;3366;3927;4488;5049;5610;6171;6732;7293;7854;8415;8976;9537;10098;10659;11220
562;1124;1686;2248;2810;3372;3934;4496;5058;5620;6182;6744;7306;7868;8430;8992;9554;10116;10678;11240
563;1126;1689;2252;2815;3378;3941;4504;5067;5630;6193;6756;7319;7882;8445;9008;9571;10134;10697;11260
564;1128;1692;2256;2820;3384;3948;4512;5076;5640;6204;6768;7332;7896;8460;9024;9588;10152;10716;11280
565;1130;1695;2260;2825;3390;3955;4520;5085;5650;6215;6780;7345;7910;8475;9040;9605;10170;10735;11300
566;1132;1698;2264;2830;3396;3962;4528;5094;5660;6226;6792;7358;7924;8490;9056;9622;10188;10754;11320
567;1134;1701;2268;2835;3402;3969;4536;5103;5670;6237;6804;7371;7938;8505;9072;9639;10206;10773;11340
568;1136;1704;2272;2840;3408;3976;4544;5112;5680;6248;6816;7384;7952;8520;9088;9656;10224;10792;11360
569;1138;1707;2276;2845;3414;3983;4552;5121;5690;6259;6828;7397;7966;8535;9104;9673;10242;10811;11380
570;1140;1710;2280;2850;3420;3990;4560;5130;5700;6270;6840;7410;7980;8550;9120;9690;10260;10830;11400
571;1142;1713;2284;2855;3426;3997;4568;5139;5710;6281;6852;7423;7994;8565;9136;9707;10278;10849;11420
572;1144;1716;2288;2860;3432;4004;4576;5148;5720;6292;6864;7436;8008;8580;9152;9724;10296;10868;11440
573;1146;1719;2292;2865;3438;4011;4584;5157;5730;6303;6876;7449;8022;8595;9168;9741;10314;10887;11460
574;1148;1722;2296;2870;3444;4018;4592;5166;5740;6314;6888;7462;8036;8610;9184;9758;10332;10906;11480
575;1150;1725;2300;2875;3450;4025;4600;5175;5750;6325;6900;7475;8050;8625;9200;9775;10350;10925;11500
576;1152;1728;2304;2880;3456;4032;4608;5184;5760;6336;6912;7488;8064;8640;9216;9792;10368;10944;11520
577;1154;1731;2308;2885;3462;4039;4616;5193;5770;6347;6924;7501;8078;8655;9232;9809;10386;10963;11540
578;1156;1734;2312;2890;3468;4046;4624;5202;5780;6358;6936;7514;8092;8670;9248;9826;10404;10982;11560
579;1158;1737;2316;2895;3474;4053;4632;5211;5790;6369;6948;7527;8106;8685;9264;9843;10422;11001;11580
580;1160;1740;2320;2900;3480;4060;4640;5220;5800;6380;6960;7540;8120;8700;9280;9860;10440;11020;11600
581;1162;1743;2324;2905;3486;4067;4648;5229;5810;6391;6972;7553;8134;8715;9296;9877;10458;11039;11620
582;1164;1746;2328;2910;3492;4074;4656;5238;5820;6402;6984;7566;8148;8730;9312;9894;10476;11058;11640
583;1166;1749;2332;2915;3498;4081;4664;5247;5830;6413;6996;7579;8162;8745;9328;9911;10494;11077;11660
584;1168;1752;2336;2920;3504;4088;4672;5256;5840;6424;7008;7592;8176;8760;9344;9928;10512;11096;11680
585;1170;1755;2340;2925;3510;4095;4680;5265;5850;6435;7020;7605;8190;8775;9360;9945;10530;11115;11700
586;1172;1758;2344;2930;3516;4102;4688;5274;5860;6446;7032;7618;8204;8790;9376;9962;10548;11134;11720
587;1174;1761;2348;2935;3522;4109;4696;5283;5870;6457;7044;7631;8218;8805;9392;9979;10566;11153;11740
588;1176;1764;2352;2940;3528;4116;4704;5292;5880;6468;7056;7644;8232;8820;9408;9996;10584;11172;11760
589;1178;1767;2356;2945;3534;4123;4712;5301;5890;6479;7068;7657;8246;8835;9424;10013;10602;11191;11780
590;1180;1770;2360;2950;3540;4130;4720;5310;5900;6490;7080;7670;8260;8850;9440;10030;10620;11210;11800
591;1182;1773;2364;2955;3546;4137;4728;5319;5910;6501;7092;7683;8274;8865;9456;10047;10638;11229;11820
592;1184;1776;2368;2960;3552;4144;4736;5328;5920;6512;7104;7696;8288;8880;9472;10064;10656;11248;11840
593;1186;1779;2372;2965;3558;4151;4744;5337;5930;6523;7116;7709;8302;8895;9488;10081;10674;11267;11860
594;1188;1782;2376;2970;3564;4158;4752;5346;5940;6534;7128;7722;8316;8910;9504;10098;10692;11286;11880
595;1190;1785;2380;2975;3570;4165;4760;5355;5950;6545;7140;7735;8330;8925;9520;10115;10710;11305;11900
596;1192;1788;2384;2980;3576;4172;4768;5364;5960;6556;7152;7748;8344;8940;9536;10132;10728;11324;11920
597;1194;1791;2388;2985;3582;4179;4776;5373;5970;6567;7164;7761;8358;8955;9552;10149;10746;11343;11940
598;1196;1794;2392;2990;3588;4186;4784;5382;5980;6578;7176;7774;8372;8970;9568;10166;10764;11362;11960
599;1198;1797;2396;2995;3594;4193;4792;5391;5990;6589;7188;7787;8386;8985;9584;10183;10782;11381;11980
600;1200;1800;2400;3000;3600;4200;4800;5400;6000;6600;7200;7800;8400;9000;9600;10200;10800;11400;12000
601;1202;1803;2404;3005;3606;4207;4808;5409;6010;6611;7212;7813;8414;9015;9616;10217;10818;11419;12020
602;1204;1806;2408;3010;3612;4214;4816;5418;6020;6622;7224;7826;8428;9030;9632;10234;10836;11438;12040
603;1206;1809;2412;3015;3618;4221;4824;5427;6030;6633;7236;7839;8442;9045;9648;10251;10854;11457;12060
604;1208;1812;2416;3020;3624;4228;4832;5436;6040;6644;7248;7852;8456;9060;9664;10268;10872;11476;12080
605;1210;1815;2420;3025;3630;4235;4840;5445;6050;6655;7260;7865;8470;9075;9680;10285;10890;11495;12100
606;1212;1818;2424;3030;3636;4242;4848;5454;6060;6666;7272;7878;8484;9090;9696;10302;10908;11514;12120
607;1214;1821;2428;3035;3642;4249;4856;5463;6070;6677;7284;7891;8498;9105;9712;10319;10926;11533;12140
608;1216;1824;2432;3040;3648;4256;4864;5472;6080;6688;7296;7904;8512;9120;9728;10336;10944;11552;12160
609;1218;1827;2436;3045;3654;4263;4872;5481;6090;6699;7308;7917;8526;9135;9744;10353;10962;11571;12180
610;1220;1830;2440;3050;3660;4270;4880;5490;6100;6710;7320;7930;8540;9150;9760;10370;10980;11590;12200
611;1222;1833;2444;3055;3666;4277;4888;5499;6110;6721;7332;7943;8554;9165;9776;10387;10998;11609;12220
612;1224;1836;2448;3060;3672;4284;4896;5508;6120;6732;7344;7956;8568;9180;9792;10404;11016;11628;12240
613;1226;1839;2452;3065;3678;4291;4904;5517;6130;6743;7356;7969;8582;9195;9808;10421;11034;11647;12260
614;1228;1842;2456;3070;3684;4298;4912;5526;6140;6754;7368;7982;8596;9210;9824;10438;11052;11666;12280
615;1230;1845;2460;3075;3690;4305;4920;5535;6150;6765;7380;7995;8610;9225;9840;10455;11070;11685;12300
616;1232;1848;2464;3080;3696;4312;4928;5544;6160;6776;7392;8008;8624;9240;9856;10472;11088;11704;12320
617;1234;1851;2468;3085;3702;4319;4936;5553;6170;6787;7404;8021;8638;9255;9872;10489;11106;11723;12340
618;1236;1854;2472;3090;3708;4326;4944;5562;6180;6798;7416;8034;8652;9270;9888;10506;11124;11742;12360
619;1238;1857;2476;3095;3714;4333;4952;5571;6190;6809;7428;8047;8666;9285;9904;10523;11142;11761;12380
620;1240;1860;2480;3100;3720;4340;4960;5580;6200;6820;7440;8060;8680;9300;9920;10540;11160;11780;12400
621;1242;1863;2484;3105;3726;4347;4968;5589;6210;6831;7452;8073;8694;9315;9936;10557;11178;11799;12420
622;1244;1866;2488;3110;3732;4354;4976;5598;6220;6842;7464;8086;8708;9330;9952;10574;11196;11818;12440
623;1246;1869;2492;3115;3738;4361;4984;5607;6230;6853;7476;8099;8722;9345;9968;10591;11214;11837;12460
624;1248;1872;2496;3120;3744;4368;4992;5616;6240;6864;7488;8112;8736;9360;9984;10608;11232;11856;12480
625;1250;1875;2500;3125;3750;4375;5000;5625;6250;6875;7500;8125;8750;9375;10000;10625;11250;11875;12500
626;1252;1878;2504;3130;3756;4382;5008;5634;6260;6886;7512;8138;8764;9390;10016;10642;11268;11894;12520
627;1254;1881;2508;3135;3762;4389;5016;5643;6270;6897;7524;8151;8778;9405;10032;10659;11286;11913;12540
628;1256;1884;2512;3140;3768;4396;5024;5652;6280;6908;7536;8164;8792;9420;10048;10676;11304;11932;12560
629;1258;1887;2516;3145;3774;4403;5032;5661;6290;6919;7548;8177;8806;9435;10064;10693;11322;11951;12580
630;1260;1890;2520;3150;3780;4410;5040;5670;6300;6930;7560;8190;8820;9450;10080;10710;11340;11970;12600
631;1262;1893;2524;3155;3786;4417;5048;5679;6310;6941;7572;8203;8834;9465;10096;10727;11358;11989;12620
632;1264;1896;2528;3160;3792;4424;5056;5688;6320;6952;7584;8216;8848;9480;10112;10744;11376;12008;12640
633;1266;1899;2532;3165;3798;4431;5064;5697;6330;6963;7596;8229;8862;9495;10128;10761;11394;12027;12660
634;1268;1902;2536;3170;3804;4438;5072;5706;6340;6974;7608;8242;8876;9510;10144;10778;11412;12046;12680
635;1270;1905;2540;3175;3810;4445;5080;5715;6350;6985;7620;8255;8890;9525;10160;10795;11430;12065;12700
636;1272;1908;2544;3180;3816;4452;5088;5724;6360;6996;7632;8268;8904;9540;10176;10812;11448;12084;12720
637;1274;1911;2548;3185;3822;4459;5096;5733;6370;7007;7644;8281;8918;9555;10192;10829;11466;12103;12740
638;1276;1914;2552;3190;3828;4466;5104;5742;6380;7018;7656;8294;8932;9570;10208;10846;11484;12122;12760
639;1278;1917;2556;3195;3834;4473;5112;5751;6390;7029;7668;8307;8946;9585;10224;10863;11502;12141;12780
640;1280;1920;2560;3200;3840;4480;5120;5760;6400;7040;7680;8320;8960;9600;10240;10880;11520;12160;12800
641;1282;1923;2564;3205;3846;4487;5128;5769;6410;7051;7692;8333;8974;9615;10256;10897;11538;12179;12820
642;1284;1926;2568;3210;3852;4494;5136;5778;6420;7062;7704;8346;8988;9630;10272;10914;11556;12198;12840
643;1286;1929;2572;3215;3858;4501;5144;5787;6430;7073;7716;8359;9002;9645;10288;10931;11574;12217;12860
644;1288;1932;2576;3220;3864;4508;5152;5796;6440;7084;7728;8372;9016;9660;10304;10948;11592;12236;12880
645;1290;1935;2580;3225;3870;4515;5160;5805;6450;7095;7740;8385;9030;9675;10320;10965;11610;12255;12900
646;1292;1938;2584;3230;3876;4522;5168;5814;6460;7106;7752;8398;9044;9690;10336;10982;11628;12274;12920
647;1294;1941;2588;3235;3882;4529;5176;5823;6470;7117;7764;8411;9058;9705;10352;10999;11646;12293;12940
648;1296;1944;2592;3240;3888;4536;5184;5832;6480;7128;7776;8424;9072;9720;10368;11016;11664;12312;12960
649;1298;1947;2596;3245;3894;4543;5192;5841;6490;7139;7788;8437;9086;9735;10384;11033;11682;12331;12980
650;1300;1950;2600;3250;3900;4550;5200;5850;6500;7150;7800;8450;9100;9750;10400;11050;11700;12350;13000
651;1302;1953;2604;3255;3906;4557;5208;5859;6510;7161;7812;8463;9114;9765;10416;11067;11718;12369;13020
652;1304;1956;2608;3260;3912;4564;5216;5868;6520;7172;7824;8476;9128;9780;10432;11084;11736;12388;13040
653;1306;1959;2612;3265;3918;4571;5224;5877;6530;7183;7836;8489;9142;9795;10448;11101;11754;12407;13060
654;1308;1962;2616;3270;3924;4578;5232;5886;6540;7194;7848;8502;9156;9810;10464;11118;11772;12426;13080
655;1310;1965;2620;3275;3930;4585;5240;5895;6550;7205;7860;8515;9170;9825;10480;11135;11790;12445;13100
656;1312;1968;2624;3280;3936;4592;5248;5904;6560;7216;7872;8528;9184;9840;10496;11152;11808;12464;13120
657;1314;1971;2628;3285;3942;4599;5256;5913;6570;7227;7884;8541;9198;9855;10512;11169;11826;12483;13140
658;1316;1974;2632;3290;3948;4606;5264;5922;6580;7238;7896;8554;9212;9870;10528;11186;11844;12502;13160
659;1318;1977;2636;3295;3954;4613;5272;5931;6590;7249;7908;8567;9226;9885;10544;11203;11862;12521;13180
660;1320;1980;2640;3300;3960;4620;5280;5940;6600;7260;7920;8580;9240;9900;10560;11220;11880;12540;13200
661;1322;1983;2644;3305;3966;4627;5288;5949;6610;7271;7932;8593;9254;9915;10576;11237;11898;12559;13220
662;1324;1986;2648;3310;3972;4634;5296;5958;6620;7282;7944;8606;9268;9930;10592;11254;11916;12578;13240
663;1326;1989;2652;3315;3978;4641;5304;5967;6630;7293;7956;8619;9282;9945;10608;11271;11934;12597;13260
664;1328;1992;2656;3320;3984;4648;5312;5976;6640;7304;7968;8632;9296;9960;10624;11288;11952;12616;13280
665;1330;1995;2660;3325;3990;4655;5320;5985;6650;7315;7980;8645;9310;9975;10640;11305;11970;12635;13300
666;1332;1998;2664;3330;3996;4662;5328;5994;6660;7326;7992;8658;9324;9990;10656;11322;11988;12654;13320
667;1334;2001;2668;3335;4002;4669;5336;6003;6670;7337;8004;8671;9338;10005;10672;11339;12006;12673;13340
668;1336;2004;2672;3340;4008;4676;5344;6012;6680;7348;8016;8684;9352;10020;10688;11356;12024;12692;13360
669;1338;2007;2676;3345;4014;4683;5352;6021;6690;7359;8028;8697;9366;10035;10704;11373;12042;12711;13380
670;1340;2010;2680;3350;4020;4690;5360;6030;6700;7370;8040;8710;9380;10050;10720;11390;12060;12730;13400
671;1342;2013;2684;3355;4026;4697;5368;6039;6710;7381;8052;8723;9394;10065;10736;11407;12078;12749;13420
672;1344;2016;2688;3360;4032;4704;5376;6048;6720;7392;8064;8736;9408;10080;10752;11424;12096;12768;13440
673;1346;2019;2692;3365;4038;4711;5384;6057;6730;7403;8076;8749;9422;10095;10768;11441;12114;12787;13460
674;1348;2022;2696;3370;4044;4718;5392;6066;6740;7414;8088;8762;9436;10110;10784;11458;12132;12806;13480
675;1350;2025;2700;3375;4050;4725;5400;6075;6750;7425;8100;8775;9450;10125;10800;11475;12150;12825;13500
676;1352;2028;2704;3380;4056;4732;5408;6084;6760;7436;8112;8788;9464;10140;10816;11492;12168;12844;13520
677;1354;2031;2708;3385;4062;4739;5416;6093;6770;7447;8124;8801;9478;10155;10832;11509;12186;12863;13540
678;1356;2034;2712;3390;4068;4746;5424;6102;6780;7458;8136;8814;9492;10170;10848;11526;12204;12882;13560
679;1358;2037;2716;3395;4074;4753;5432;6111;6790;7469;8148;8827;9506;10185;10864;11543;12222;12901;13580
680;1360;2040;2720;3400;4080;4760;5440;6120;6800;7480;8160;8840;9520;10200;10880;11560;12240;12920;13600
681;1362;2043;2724;3405;4086;4767;5448;6129;6810;7491;8172;8853;9534;10215;10896;11577;12258;12939;13620
682;1364;2046;2728;3410;4092;4774;5456;6138;6820;7502;8184;8866;9548;10230;10912;11594;12276;12958;13640
683;1366;2049;2732;3415;4098;4781;5464;6147;6830;7513;8196;8879;9562;10245;10928;11611;12294;12977;13660
684;1368;2052;2736;3420;4104;4788;5472;6156;6840;7524;8208;8892;9576;10260;10944;11628;12312;12996;13680
685;1370;2055;2740;3425;4110;4795;5480;6165;6850;7535;8220;8905;9590;10275;10960;11645;12330;13015;13700
686;1372;2058;2744;3430;4116;4802;5488;6174;6860;7546;8232;8918;9604;10290;10976;11662;12348;13034;13720
687;1374;2061;2748;3435;4122;4809;5496;6183;6870;7557;8244;8931;9618;10305;10992;11679;12366;13053;13740
688;1376;2064;2752;3440;4128;4816;5504;6192;6880;7568;8256;8944;9632;10320;11008;11696;12384;13072;13760
689;1378;2067;2756;3445;4134;4823;5512;6201;6890;7579;8268;8957;9646;10335;11024;11713;12402;13091;13780
690;1380;2070;2760;3450;4140;4830;5520;6210;6900;7590;8280;8970;9660;10350;11040;11730;12420;13110;13800
691;1382;2073;2764;3455;4146;4837;5528;6219;6910;7601;8292;8983;9674;10365;11056;11747;12438;13129;13820
692;1384;2076;2768;3460;4152;4844;5536;6228;6920;7612;8304;8996;9688;10380;11072;11764;12456;13148;13840
693;1386;2079;2772;3465;4158;4851;5544;6237;6930;7623;8316;9009;9702;10395;11088;11781;12474;13167;13860
694;1388;2082;2776;3470;4164;4858;5552;6246;6940;7634;8328;9022;9716;10410;11104;11798;12492;13186;13880
695;1390;2085;2780;3475;4170;4865;5560;6255;6950;7645;8340;9035;9730;10425;11120;11815;12510;13205;13900
696;1392;2088;2784;3480;4176;4872;5568;6264;6960;7656;8352;9048;9744;10440;11136;11832;12528;13224;13920
697;1394;2091;2788;3485;4182;4879;5576;6273;6970;7667;8364;9061;9758;10455;11152;11849;12546;13243;13940
698;1396;2094;2792;3490;4188;4886;5584;6282;6980;7678;8376;9074;9772;10470;11168;11866;12564;13262;13960
699;1398;2097;2796;3495;4194;4893;5592;6291;6990;7689;8388;9087;9786;10485;11184;11883;12582;13281;13980
700;1400;2100;2800;3500;4200;4900;5600;6300;7000;7700;8400;9100;9800;10500;11200;11900;12600;13300;14000
701;1402;2103;2804;3505;4206;4907;5608;6309;7010;7711;8412;9113;9814;10515;11216;11917;12618;13319;14020
702;1404;2106;2808;3510;4212;4914;5616;6318;7020;7722;8424;9126;9828;10530;11232;11934;12636;13338;14040
703;1406;2109;2812;3515;4218;4921;5624;6327;7030;7733;8436;9139;9842;10545;11248;11951;12654;13357;14060
704;1408;2112;2816;3520;4224;4928;5632;6336;7040;7744;8448;9152;9856;10560;11264;11968;12672;13376;14080
705;1410;2115;2820;3525;4230;4935;5640;6345;7050;7755;8460;9165;9870;10575;11280;11985;12690;13395;14100
706;1412;2118;2824;3530;4236;4942;5648;6354;7060;7766;8472;9178;9884;10590;11296;12002;12708;13414;14120
707;1414;2121;2828;3535;4242;4949;5656;6363;7070;7777;8484;9191;9898;10605;11312;12019;12726;13433;14140
708;1416;2124;2832;3540;4248;4956;5664;6372;7080;7788;8496;9204;9912;10620;11328;12036;12744;13452;14160
709;1418;2127;2836;3545;4254;4963;5672;6381;7090;7799;8508;9217;9926;10635;11344;12053;12762;13471;14180
710;1420;2130;2840;3550;4260;4970;5680;6390;7100;7810;8520;9230;9940;10650;11360;12070;12780;13490;14200
711;1422;2133;2844;3555;4266;4977;5688;6399;7110;7821;8532;9243;9954;10665;11376;12087;12798;13509;14220
712;1424;2136;2848;3560;4272;4984;5696;6408;7120;7832;8544;9256;9968;10680;11392;12104;12816;13528;14240
713;1426;2139;2852;3565;4278;4991;5704;6417;7130;7843;8556;9269;9982;10695;11408;12121;12834;13547;14260
714;1428;2142;2856;3570;4284;4998;5712;6426;7140;7854;8568;9282;9996;10710;11424;12138;12852;13566;14280
715;1430;2145;2860;3575;4290;5005;5720;6435;7150;7865;8580;9295;10010;10725;11440;12155;12870;13585;14300
716;1432;2148;2864;3580;4296;5012;5728;6444;7160;7876;8592;9308;10024;10740;11456;12172;12888;13604;14320
717;1434;2151;2868;3585;4302;5019;5736;6453;7170;7887;8604;9321;10038;10755;11472;12189;12906;13623;14340
718;1436;2154;2872;3590;4308;5026;5744;6462;7180;7898;8616;9334;10052;10770;11488;12206;12924;13642;14360
719;1438;2157;2876;3595;4314;5033;5752;6471;7190;7909;8628;9347;10066;10785;11504;12223;12942;13661;14380
720;1440;2160;2880;3600;4320;5040;5760;6480;7200;7920;8640;9360;10080;10800;11520;12240;12960;13680;14400
721;1442;2163;2884;3605;4326;5047;5768;6489;7210;7931;8652;9373;10094;10815;11536;12257;12978;13699;14420
722;1444;2166;2888;3610;4332;5054;5776;6498;7220;7942;8664;9386;10108;10830;11552;12274;12996;13718;14440
723;1446;2169;2892;3615;4338;5061;5784;6507;7230;7953;8676;9399;10122;10845;11568;12291;13014;13737;14460
724;1448;2172;2896;3620;4344;5068;5792;6516;7240;7964;8688;9412;10136;10860;11584;12308;13032;13756;14480
725;1450;2175;2900;3625;4350;5075;5800;6525;7250;7975;8700;9425;10150;10875;11600;12325;13050;13775;14500
726;1452;2178;2904;3630;4356;5082;5808;6534;7260;7986;8712;9438;10164;10890;11616;12342;13068;13794;14520
727;1454;2181;2908;3635;4362;5089;5816;6543;7270;7997;8724;9451;10178;10905;11632;12359;13086;13813;14540
728;1456;2184;2912;3640;4368;5096;5824;6552;7280;8008;8736;9464;10192;10920;11648;12376;13104;13832;14560
729;1458;2187;2916;3645;4374;5103;5832;6561;7290;8019;8748;9477;10206;10935;11664;12393;13122;13851;14580
730;1460;2190;2920;3650;4380;5110;5840;6570;7300;8030;8760;9490;10220;10950;11680;12410;13140;13870;14600
731;1462;2193;2924;3655;4386;5117;5848;6579;7310;8041;8772;9503;10234;10965;11696;12427;13158;13889;14620
732;1464;2196;2928;3660;4392;5124;5856;6588;7320;8052;8784;9516;10248;10980;11712;12444;13176;13908;14640
733;1466;2199;2932;3665;4398;5131;5864;6597;7330;8063;8796;9529;10262;10995;11728;12461;13194;13927;14660
734;1468;2202;2936;3670;4404;5138;5872;6606;7340;8074;8808;9542;10276;11010;11744;12478;13212;13946;14680
735;1470;2205;2940;3675;4410;5145;5880;6615;7350;8085;8820;9555;10290;11025;11760;12495;13230;13965;14700
736;1472;2208;2944;3680;4416;5152;5888;6624;7360;8096;8832;9568;10304;11040;11776;12512;13248;13984;14720
737;1474;2211;2948;3685;4422;5159;5896;6633;7370;8107;8844;9581;10318;11055;11792;12529;13266;14003;14740
738;1476;2214;2952;3690;4428;5166;5904;6642;7380;8118;8856;9594;10332;11070;11808;12546;13284;14022;14760
739;1478;2217;2956;3695;4434;5173;5912;6651;7390;8129;8868;9607;10346;11085;11824;12563;13302;14041;14780
740;1480;2220;2960;3700;4440;5180;5920;6660;7400;8140;8880;9620;10360;11100;11840;12580;13320;14060;14800
741;1482;2223;2964;3705;4446;5187;5928;6669;7410;8151;8892;9633;10374;11115;11856;12597;13338;14079;14820
742;1484;2226;2968;3710;4452;5194;5936;6678;7420;8162;8904;9646;10388;11130;11872;12614;13356;14098;14840
743;1486;2229;2972;3715;4458;5201;5944;6687;7430;8173;8916;9659;10402;11145;11888;12631;13374;14117;14860
744;1488;2232;2976;3720;4464;5208;5952;6696;7440;8184;8928;9672;10416;11160;11904;12648;13392;14136;14880
745;1490;2235;2980;3725;4470;5215;5960;6705;7450;8195;8940;9685;10430;11175;11920;12665;13410;14155;14900
746;1492;2238;2984;3730;4476;5222;5968;6714;7460;8206;8952;9698;10444;11190;11936;12682;13428;14174;14920
747;1494;2241;2988;3735;4482;5229;5976;6723;7470;8217;8964;9711;10458;11205;11952;12699;13446;14193;14940
748;1496;2244;2992;3740;4488;5236;5984;6732;7480;8228;8976;9724;10472;11220;11968;12716;13464;14212;14960
749;1498;2247;2996;3745;4494;5243;5992;6741;7490;8239;8988;9737;10486;11235;11984;12733;13482;14231;14980
750;1500;2250;3000;3750;4500;5250;6000;6750;7500;8250;9000;9750;10500;11250;12000;12750;13500;14250;15000
751;1502;2253;3004;3755;4506;5257;6008;6759;7510;8261;9012;9763;10514;11265;12016;12767;13518;14269;15020
752;1504;2256;3008;3760;4512;5264;6016;6768;7520;8272;9024;9776;10528;11280;12032;12784;13536;14288;15040
753;1506;2259;3012;3765;4518;5271;6024;6777;7530;8283;9036;9789;10542;11295;12048;12801;13554;14307;15060
754;1508;2262;3016;3770;4524;5278;6032;6786;7540;8294;9048;9802;10556;11310;12064;12818;13572;14326;15080
755;1510;2265;3020;3775;4530;5285;6040;6795;7550;8305;9060;9815;10570;11325;12080;12835;13590;14345;15100
756;1512;2268;3024;3780;4536;5292;6048;6804;7560;8316;9072;9828;10584;11340;12096;12852;13608;14364;15120
757;1514;2271;3028;3785;4542;5299;6056;6813;7570;8327;9084;9841;10598;11355;12112;12869;13626;14383;15140
758;1516;2274;3032;3790;4548;5306;6064;6822;7580;8338;9096;9854;10612;11370;12128;12886;13644;14402;15160
759;1518;2277;3036;3795;4554;5313;6072;6831;7590;8349;9108;9867;10626;11385;12144;12903;13662;14421;15180
760;1520;2280;3040;3800;4560;5320;6080;6840;7600;8360;9120;9880;10640;11400;12160;12920;13680;14440;15200
761;1522;2283;3044;3805;4566;5327;6088;6849;7610;8371;9132;9893;10654;11415;12176;12937;13698;14459;15220
762;1524;2286;3048;3810;4572;5334;6096;6858;7620;8382;9144;9906;10668;11430;12192;12954;13716;14478;15240
763;1526;2289;3052;3815;4578;5341;6104;6867;7630;8393;9156;9919;10682;11445;12208;12971;13734;14497;15260
764;1528;2292;3056;3820;4584;5348;6112;6876;7640;8404;9168;9932;10696;11460;12224;12988;13752;14516;15280
765;1530;2295;3060;3825;4590;5355;6120;6885;7650;8415;9180;9945;10710;11475;12240;13005;13770;14535;15300
766;1532;2298;3064;3830;4596;5362;6128;6894;7660;8426;9192;9958;10724;11490;12256;13022;13788;14554;15320
767;1534;2301;3068;3835;4602;5369;6136;6903;7670;8437;9204;9971;10738;11505;12272;13039;13806;14573;15340
768;1536;2304;3072;3840;4608;5376;6144;6912;7680;8448;9216;9984;10752;11520;12288;13056;13824;14592;15360
769;1538;2307;3076;3845;4614;5383;6152;6921;7690;8459;9228;9997;10766;11535;12304;13073;13842;14611;15380
770;1540;2310;3080;3850;4620;5390;6160;6930;7700;8470;9240;10010;10780;11550;12320;13090;13860;14630;15400
771;1542;2313;3084;3855;4626;5397;6168;6939;7710;8481;9252;10023;10794;11565;12336;13107;13878;14649;15420
772;1544;2316;3088;3860;4632;5404;6176;6948;7720;8492;9264;10036;10808;11580;12352;13124;13896;14668;15440
773;1546;2319;3092;3865;4638;5411;6184;6957;7730;8503;9276;10049;10822;11595;12368;13141;13914;14687;15460
774;1548;2322;3096;3870;4644;5418;6192;6966;7740;8514;9288;10062;10836;11610;12384;13158;13932;14706;15480
775;1550;2325;3100;3875;4650;5425;6200;6975;7750;8525;9300;10075;10850;11625;12400;13175;13950;14725;15500
776;1552;2328;3104;3880;4656;5432;6208;6984;7760;8536;9312;10088;10864;11640;12416;13192;13968;14744;15520
777;1554;2331;3108;3885;4662;5439;6216;6993;7770;8547;9324;10101;10878;11655;12432;13209;13986;14763;15540
778;1556;2334;3112;3890;4668;5446;6224;7002;7780;8558;9336;10114;10892;11670;12448;13226;14004;14782;15560
779;1558;2337;3116;3895;4674;5453;6232;7011;7790;8569;9348;10127;10906;11685;12464;13243;14022;14801;15580
780;1560;2340;3120;3900;4680;5460;6240;7020;7800;8580;9360;10140;10920;11700;12480;13260;14040;14820;15600
781;1562;2343;3124;3905;4686;5467;6248;7029;7810;8591;9372;10153;10934;11715;12496;13277;14058;14839;15620
782;1564;2346;3128;3910;4692;5474;6256;7038;7820;8602;9384;10166;10948;11730;12512;13294;14076;14858;15640
783;1566;2349;3132;3915;4698;5481;6264;7047;7830;8613;9396;10179;10962;11745;12528;13311;14094;14877;15660
784;1568;2352;3136;3920;4704;5488;6272;7056;7840;8624;9408;10192;10976;11760;12544;13328;14112;14896;15680
785;1570;2355;3140;3925;4710;5495;6280;7065;7850;8635;9420;10205;10990;11775;12560;13345;14130;14915;15700
786;1572;2358;3144;3930;4716;5502;6288;7074;7860;8646;9432;10218;11004;11790;12576;13362;14148;14934;15720
787;1574;2361;3148;3935;4722;5509;6296;7083;7870;8657;9444;10231;11018;11805;12592;13379;14166;14953;15740
788;1576;2364;3152;3940;4728;5516;6304;7092;7880;8668;9456;10244;11032;11820;12608;13396;14184;14972;15760
789;1578;2367;3156;3945;4734;5523;6312;7101;7890;8679;9468;10257;11046;11835;12624;13413;14202;14991;15780
790;1580;2370;3160;3950;4740;5530;6320;7110;7900;8690;9480;10270;11060;11850;12640;13430;14220;15010;15800
791;1582;2373;3164;3955;4746;5537;6328;7119;7910;8701;9492;10283;11074;11865;12656;13447;14238;15029;15820
792;1584;2376;3168;3960;4752;5544;6336;7128;7920;8712;9504;10296;11088;11880;12672;13464;14256;15048;15840
793;1586;2379;3172;3965;4758;5551;6344;7137;7930;8723;9516;10309;11102;11895;12688;13481;14274;15067;15860
794;1588;2382;3176;3970;4764;5558;6352;7146;7940;8734;9528;10322;11116;11910;12704;13498;14292;15086;15880
795;1590;2385;3180;3975;4770;5565;6360;7155;7950;8745;9540;10335;11130;11925;12720;13515;14310;15105;15900
796;1592;2388;3184;3980;4776;5572;6368;7164;7960;8756;9552;10348;11144;11940;12736;13532;14328;15124;15920
797;1594;2391;3188;3985;4782;5579;6376;7173;7970;8767;9564;10361;11158;11955;12752;13549;14346;15143;15940
798;1596;2394;3192;3990;4788;5586;6384;7182;7980;8778;9576;10374;11172;11970;12768;13566;14364;15162;15960
799;1598;2397;3196;3995;4794;5593;6392;7191;7990;8789;9588;10387;11186;11985;12784;13583;14382;15181;15980
800;1600;2400;3200;4000;4800;5600;6400;7200;8000;8800;9600;10400;11200;12000;12800;13600;14400;15200;16000
801;1602;2403;3204;4005;4806;5607;6408;7209;8010;8811;9612;10413;11214;12015;12816;13617;14418;15219;16020
802;1604;2406;3208;4010;4812;5614;6416;7218;8020;8822;9624;10426;11228;12030;12832;13634;14436;15238;16040
803;1606;2409;3212;4015;4818;5621;6424;7227;8030;8833;9636;10439;11242;12045;12848;13651;14454;15257;16060
804;1608;2412;3216;4020;4824;5628;6432;7236;8040;8844;9648;10452;11256;12060;12864;13668;14472;15276;16080
805;1610;2415;3220;4025;4830;5635;6440;7245;8050;8855;9660;10465;11270;12075;12880;13685;14490;15295;16100
806;1612;2418;3224;4030;4836;5642;6448;7254;8060;8866;9672;10478;11284;12090;12896;13702;14508;15314;16120
807;1614;2421;3228;4035;4842;5649;6456;7263;8070;8877;9684;10491;11298;12105;12912;13719;14526;15333;16140
808;1616;2424;3232;4040;4848;5656;6464;7272;8080;8888;9696;10504;11312;12120;12928;13736;14544;15352;16160
809;1618;2427;3236;4045;4854;5663;6472;7281;8090;8899;9708;10517;11326;12135;12944;13753;14562;15371;16180
810;1620;2430;3240;4050;4860;5670;6480;7290;8100;8910;9720;10530;11340;12150;12960;13770;14580;15390;16200
811;1622;2433;3244;4055;4866;5677;6488;7299;8110;8921;9732;10543;11354;12165;12976;13787;14598;15409;16220
812;1624;2436;3248;4060;4872;5684;6496;7308;8120;8932;9744;10556;11368;12180;12992;13804;14616;15428;16240
813;1626;2439;3252;4065;4878;5691;6504;7317;8130;8943;9756;10569;11382;12195;13008;13821;14634;15447;16260
814;1628;2442;3256;4070;4884;5698;6512;7326;8140;8954;9768;10582;11396;12210;13024;13838;14652;15466;16280
815;1630;2445;3260;4075;4890;5705;6520;7335;8150;8965;9780;10595;11410;12225;13040;13855;14670;15485;16300
816;1632;2448;3264;4080;4896;5712;6528;7344;8160;8976;9792;10608;11424;12240;13056;13872;14688;15504;16320
817;1634;2451;3268;4085;4902;5719;6536;7353;8170;8987;9804;10621;11438;12255;13072;13889;14706;15523;16340
818;1636;2454;3272;4090;4908;5726;6544;7362;8180;8998;9816;10634;11452;12270;13088;13906;14724;15542;16360
819;1638;2457;3276;4095;4914;5733;6552;7371;8190;9009;9828;10647;11466;12285;13104;13923;14742;15561;16380
820;1640;2460;3280;4100;4920;5740;6560;7380;8200;9020;9840;10660;11480;12300;13120;13940;14760;15580;16400
821;1642;2463;3284;4105;4926;5747;6568;7389;8210;9031;9852;10673;11494;12315;13136;13957;14778;15599;16420
822;1644;2466;3288;4110;4932;5754;6576;7398;8220;9042;9864;10686;11508;12330;13152;13974;14796;15618;16440
823;1646;2469;3292;4115;4938;5761;6584;7407;8230;9053;9876;10699;11522;12345;13168;13991;14814;15637;16460
824;1648;2472;3296;4120;4944;5768;6592;7416;8240;9064;9888;10712;11536;12360;13184;14008;14832;15656;16480
825;1650;2475;3300;4125;4950;5775;6600;7425;8250;9075;9900;10725;11550;12375;13200;14025;14850;15675;16500
826;1652;2478;3304;4130;4956;5782;6608;7434;8260;9086;9912;10738;11564;12390;13216;14042;14868;15694;16520
827;1654;2481;3308;4135;4962;5789;6616;7443;8270;9097;9924;10751;11578;12405;13232;14059;14886;15713;16540
828;1656;2484;3312;4140;4968;5796;6624;7452;8280;9108;9936;10764;11592;12420;13248;14076;14904;15732;16560
829;1658;2487;3316;4145;4974;5803;6632;7461;8290;9119;9948;10777;11606;12435;13264;14093;14922;15751;16580
830;1660;2490;3320;4150;4980;5810;6640;7470;8300;9130;9960;10790;11620;12450;13280;14110;14940;15770;16600
831;1662;2493;3324;4155;4986;5817;6648;7479;8310;9141;9972;10803;11634;12465;13296;14127;14958;15789;16620
832;1664;2496;3328;4160;4992;5824;6656;7488;8320;9152;9984;10816;11648;12480;13312;14144;14976;15808;16640
833;1666;2499;3332;4165;4998;5831;6664;7497;8330;9163;9996;10829;11662;12495;13328;14161;14994;15827;16660
834;1668;2502;3336;4170;5004;5838;6672;7506;8340;9174;10008;10842;11676;12510;13344;14178;15012;15846;16680
835;1670;2505;3340;4175;5010;5845;6680;7515;8350;9185;10020;10855;11690;12525;13360;14195;15030;15865;16700
836;1672;2508;3344;4180;5016;5852;6688;7524;8360;9196;10032;10868;11704;12540;13376;14212;15048;15884;16720
837;1674;2511;3348;4185;5022;5859;6696;7533;8370;9207;10044;10881;11718;12555;13392;14229;15066;15903;16740
838;1676;2514;3352;4190;5028;5866;6704;7542;8380;9218;10056;10894;11732;12570;13408;14246;15084;15922;16760
839;1678;2517;3356;4195;5034;5873;6712;7551;8390;9229;10068;10907;11746;12585;13424;14263;15102;15941;16780
840;1680;2520;3360;4200;5040;5880;6720;7560;8400;9240;10080;10920;11760;12600;13440;14280;15120;15960;16800
841;1682;2523;3364;4205;5046;5887;6728;7569;8410;9251;10092;10933;11774;12615;13456;14297;15138;15979;16820
842;1684;2526;3368;4210;5052;5894;6736;7578;8420;9262;10104;10946;11788;12630;13472;14314;15156;15998;16840
843;1686;2529;3372;4215;5058;5901;6744;7587;8430;9273;10116;10959;11802;12645;13488;14331;15174;16017;16860
844;1688;2532;3376;4220;5064;5908;6752;7596;8440;9284;10128;10972;11816;12660;13504;14348;15192;16036;16880
845;1690;2535;3380;4225;5070;5915;6760;7605;8450;9295;10140;10985;11830;12675;13520;14365;15210;16055;16900
846;1692;2538;3384;4230;5076;5922;6768;7614;8460;9306;10152;10998;11844;12690;13536;14382;15228;16074;16920
847;1694;2541;3388;4235;5082;5929;6776;7623;8470;9317;10164;11011;11858;12705;13552;14399;15246;16093;16940
848;1696;2544;3392;4240;5088;5936;6784;7632;8480;9328;10176;11024;11872;12720;13568;14416;15264;16112;16960
849;1698;2547;3396;4245;5094;5943;6792;7641;8490;9339;10188;11037;11886;12735;13584;14433;15282;16131;16980
850;1700;2550;3400;4250;5100;5950;6800;7650;8500;9350;10200;11050;11900;12750;13600;14450;15300;16150;17000
851;1702;2553;3404;4255;5106;5957;6808;7659;8510;9361;10212;11063;11914;12765;13616;14467;15318;16169;17020
852;1704;2556;3408;4260;5112;5964;6816;7668;8520;9372;10224;11076;11928;12780;13632;14484;15336;16188;17040
853;1706;2559;3412;4265;5118;5971;6824;7677;8530;9383;10236;11089;11942;12795;13648;14501;15354;16207;17060
854;1708;2562;3416;4270;5124;5978;6832;7686;8540;9394;10248;11102;11956;12810;13664;14518;15372;16226;17080
855;1710;2565;3420;4275;5130;5985;6840;7695;8550;9405;10260;11115;11970;12825;13680;14535;15390;16245;17100
856;1712;2568;3424;4280;5136;5992;6848;7704;8560;9416;10272;11128;11984;12840;13696;14552;15408;16264;17120
857;1714;2571;3428;4285;5142;5999;6856;7713;8570;9427;10284;11141;11998;12855;13712;14569;15426;16283;17140
858;1716;2574;3432;4290;5148;6006;6864;7722;8580;9438;10296;11154;12012;12870;13728;14586;15444;16302;17160
859;1718;2577;3436;4295;5154;6013;6872;7731;8590;9449;10308;11167;12026;12885;13744;14603;15462;16321;17180
860;1720;2580;3440;4300;5160;6020;6880;7740;8600;9460;10320;11180;12040;12900;13760;14620;15480;16340;17200
861;1722;2583;3444;4305;5166;6027;6888;7749;8610;9471;10332;11193;12054;12915;13776;14637;15498;16359;17220
862;1724;2586;3448;4310;5172;6034;6896;7758;8620;9482;10344;11206;12068;12930;13792;14654;15516;16378;17240
863;1726;2589;3452;4315;5178;6041;6904;7767;8630;9493;10356;11219;12082;12945;13808;14671;15534;16397;17260
864;1728;2592;3456;4320;5184;6048;6912;7776;8640;9504;10368;11232;12096;12960;13824;14688;15552;16416;17280
865;1730;2595;3460;4325;5190;6055;6920;7785;8650;9515;10380;11245;12110;12975;13840;14705;15570;16435;17300
866;1732;2598;3464;4330;5196;6062;6928;7794;8660;9526;10392;11258;12124;12990;13856;14722;15588;16454;17320
867;1734;2601;3468;4335;5202;6069;6936;7803;8670;9537;10404;11271;12138;13005;13872;14739;15606;16473;17340
868;1736;2604;3472;4340;5208;6076;6944;7812;8680;9548;10416;11284;12152;13020;13888;14756;15624;16492;17360
869;1738;2607;3476;4345;5214;6083;6952;7821;8690;9559;10428;11297;12166;13035;13904;14773;15642;16511;17380
870;1740;2610;3480;4350;5220;6090;6960;7830;8700;9570;10440;11310;12180;13050;13920;14790;15660;16530;17400
871;1742;2613;3484;4355;5226;6097;6968;7839;8710;9581;10452;11323;12194;13065;13936;14807;15678;16549;17420
872;1744;2616;3488;4360;5232;6104;6976;7848;8720;9592;10464;11336;12208;13080;13952;14824;15696;16568;17440
873;1746;2619;3492;4365;5238;6111;6984;7857;8730;9603;10476;11349;12222;13095;13968;14841;15714;16587;17460
874;1748;2622;3496;4370;5244;6118;6992;7866;8740;9614;10488;11362;12236;13110;13984;14858;15732;16606;17480
875;1750;2625;3500;4375;5250;6125;7000;7875;8750;9625;10500;11375;12250;13125;14000;14875;15750;16625;17500
876;1752;2628;3504;4380;5256;6132;7008;7884;8760;9636;10512;11388;12264;13140;14016;14892;15768;16644;17520
877;1754;2631;3508;4385;5262;6139;7016;7893;8770;9647;10524;11401;12278;13155;14032;14909;15786;16663;17540
878;1756;2634;3512;4390;5268;6146;7024;7902;8780;9658;10536;11414;12292;13170;14048;14926;15804;16682;17560
879;1758;2637;3516;4395;5274;6153;7032;7911;8790;9669;10548;11427;12306;13185;14064;14943;15822;16701;17580
880;1760;2640;3520;4400;5280;6160;7040;7920;8800;9680;10560;11440;12320;13200;14080;14960;15840;16720;17600
881;1762;2643;3524;4405;5286;6167;7048;7929;8810;9691;10572;11453;12334;13215;14096;14977;15858;16739;17620
882;1764;2646;3528;4410;5292;6174;7056;7938;8820;9702;10584;11466;12348;13230;14112;14994;15876;16758;17640
883;1766;2649;3532;4415;5298;6181;7064;7947;8830;9713;10596;11479;12362;13245;14128;15011;15894;16777;17660
884;1768;2652;3536;4420;5304;6188;7072;7956;8840;9724;10608;11492;12376;13260;14144;15028;15912;16796;17680
885;1770;2655;3540;4425;5310;6195;7080;7965;8850;9735;10620;11505;12390;13275;14160;15045;15930;16815;17700
886;1772;2658;3544;4430;5316;6202;7088;7974;8860;9746;10632;11518;12404;13290;14176;15062;15948;16834;17720
887;1774;2661;3548;4435;5322;6209;7096;7983;8870;9757;10644;11531;12418;13305;14192;15079;15966;16853;17740
888;1776;2664;3552;4440;5328;6216;7104;7992;8880;9768;10656;11544;12432;13320;14208;15096;15984;16872;17760
889;1778;2667;3556;4445;5334;6223;7112;8001;8890;9779;10668;11557;12446;13335;14224;15113;16002;16891;17780
890;1780;2670;3560;4450;5340;6230;7120;8010;8900;9790;10680;11570;12460;13350;14240;15130;16020;16910;17800
891;1782;2673;3564;4455;5346;6237;7128;8019;8910;9801;10692;11583;12474;13365;14256;15147;16038;16929;17820
892;1784;2676;3568;4460;5352;6244;7136;8028;8920;9812;10704;11596;12488;13380;14272;15164;16056;16948;17840
893;1786;2679;3572;4465;5358;6251;7144;8037;8930;9823;10716;11609;12502;13395;14288;15181;16074;16967;17860
894;1788;2682;3576;4470;5364;6258;7152;8046;8940;9834;10728;11622;12516;13410;14304;15198;16092;16986;17880
895;1790;2685;3580;4475;5370;6265;7160;8055;8950;9845;10740;11635;12530;13425;14320;15215;16110;17005;17900
896;1792;2688;3584;4480;5376;6272;7168;8064;8960;9856;10752;11648;12544;13440;14336;15232;16128;17024;17920
897;1794;2691;3588;4485;5382;6279;7176;8073;8970;9867;10764;11661;12558;13455;14352;15249;16146;17043;17940
898;1796;2694;3592;4490;5388;6286;7184;8082;8980;9878;10776;11674;12572;13470;14368;15266;16164;17062;17960
899;1798;2697;3596;4495;5394;6293;7192;8091;8990;9889;10788;11687;12586;13485;14384;15283;16182;17081;17980
900;1800;2700;3600;4500;5400;6300;7200;8100;9000;9900;10800;11700;12600;13500;14400;15300;16200;17100;18000
901;1802;2703;3604;4505;5406;6307;7208;8109;9010;9911;10812;11713;12614;13515;14416;15317;16218;17119;18020
902;1804;2706;3608;4510;5412;6314;7216;8118;9020;9922;10824;11726;12628;13530;14432;15334;16236;17138;18040
903;1806;2709;3612;4515;5418;6321;7224;8127;9030;9933;10836;11739;12642;13545;14448;15351;16254;17157;18060
904;1808;2712;3616;4520;5424;6328;7232;8136;9040;9944;10848;11752;12656;13560;14464;15368;16272;17176;18080
905;1810;2715;3620;4525;5430;6335;7240;8145;9050;9955;10860;11765;12670;13575;14480;15385;16290;17195;18100
906;1812;2718;3624;4530;5436;6342;7248;8154;9060;9966;10872;11778;12684;13590;14496;15402;16308;17214;18120
907;1814;2721;3628;4535;5442;6349;7256;8163;9070;9977;10884;11791;12698;13605;14512;15419;16326;17233;18140
908;1816;2724;3632;4540;5448;6356;7264;8172;9080;9988;10896;11804;12712;13620;14528;15436;16344;17252;18160
909;1818;2727;3636;4545;5454;6363;7272;8181;9090;9999;10908;11817;12726;13635;14544;15453;16362;17271;18180
910;1820;2730;3640;4550;5460;6370;7280;8190;9100;10010;10920;11830;12740;13650;14560;15470;16380;17290;18200
911;1822;2733;3644;4555;5466;6377;7288;8199;9110;10021;10932;11843;12754;13665;14576;15487;16398;17309;18220
912;1824;2736;3648;4560;5472;6384;7296;8208;9120;10032;10944;11856;12768;13680;14592;15504;16416;17328;18240
913;1826;2739;3652;4565;5478;6391;7304;8217;9130;10043;10956;11869;12782;13695;14608;15521;16434;17347;18260
914;1828;2742;3656;4570;5484;6398;7312;8226;9140;10054;10968;11882;12796;13710;14624;15538;16452;17366;18280
915;1830;2745;3660;4575;5490;6405;7320;8235;9150;10065;10980;11895;12810;13725;14640;15555;16470;17385;18300
916;1832;2748;3664;4580;5496;6412;7328;8244;9160;10076;10992;11908;12824;13740;14656;15572;16488;17404;18320
917;1834;2751;3668;4585;5502;6419;7336;8253;9170;10087;11004;11921;12838;13755;14672;15589;16506;17423;18340
918;1836;2754;3672;4590;5508;6426;7344;8262;9180;10098;11016;11934;12852;13770;14688;15606;16524;17442;18360
919;1838;2757;3676;4595;5514;6433;7352;8271;9190;10109;11028;11947;12866;13785;14704;15623;16542;17461;18380
920;1840;2760;3680;4600;5520;6440;7360;8280;9200;10120;11040;11960;12880;13800;14720;15640;16560;17480;18400
921;1842;2763;3684;4605;5526;6447;7368;8289;9210;10131;11052;11973;12894;13815;14736;15657;16578;17499;18420
922;1844;2766;3688;4610;5532;6454;7376;8298;9220;10142;11064;11986;12908;13830;14752;15674;16596;17518;18440
923;1846;2769;3692;4615;5538;6461;7384;8307;9230;10153;11076;11999;12922;13845;14768;15691;16614;17537;18460
924;1848;2772;3696;4620;5544;6468;7392;8316;9240;10164;11088;12012;12936;13860;14784;15708;16632;17556;18480
925;1850;2775;3700;4625;5550;6475;7400;8325;9250;10175;11100;12025;12950;13875;14800;15725;16650;17575;18500
926;1852;2778;3704;4630;5556;6482;7408;8334;9260;10186;11112;12038;12964;13890;14816;15742;16668;17594;18520
927;1854;2781;3708;4635;5562;6489;7416;8343;9270;10197;11124;12051;12978;13905;14832;15759;16686;17613;18540
928;1856;2784;3712;4640;5568;6496;7424;8352;9280;10208;11136;12064;12992;13920;14848;15776;16704;17632;18560
929;1858;2787;3716;4645;5574;6503;7432;8361;9290;10219;11148;12077;13006;13935;14864;15793;16722;17651;18580
930;1860;2790;3720;4650;5580;6510;7440;8370;9300;10230;11160;12090;13020;13950;14880;15810;16740;17670;18600
931;1862;2793;3724;4655;5586;6517;7448;8379;9310;10241;11172;12103;13034;13965;14896;15827;16758;17689;18620
932;1864;2796;3728;4660;5592;6524;7456;8388;9320;10252;11184;12116;13048;13980;14912;15844;16776;17708;18640
933;1866;2799;3732;4665;5598;6531;7464;8397;9330;10263;11196;12129;13062;13995;14928;15861;16794;17727;18660
934;1868;2802;3736;4670;5604;6538;7472;8406;9340;10274;11208;12142;13076;14010;14944;15878;16812;17746;18680
935;1870;2805;3740;4675;5610;6545;7480;8415;9350;10285;11220;12155;13090;14025;14960;15895;16830;17765;18700
936;1872;2808;3744;4680;5616;6552;7488;8424;9360;10296;11232;12168;13104;14040;14976;15912;16848;17784;18720
937;1874;2811;3748;4685;5622;6559;7496;8433;9370;10307;11244;12181;13118;14055;14992;15929;16866;17803;18740
938;1876;2814;3752;4690;5628;6566;7504;8442;9380;10318;11256;12194;13132;14070;15008;15946;16884;17822;18760
939;1878;2817;3756;4695;5634;6573;7512;8451;9390;10329;11268;12207;13146;14085;15024;15963;16902;17841;18780
940;1880;2820;3760;4700;5640;6580;7520;8460;9400;10340;11280;12220;13160;14100;15040;15980;16920;17860;18800
941;1882;2823;3764;4705;5646;6587;7528;8469;9410;10351;11292;12233;13174;14115;15056;15997;16938;17879;18820
942;1884;2826;3768;4710;5652;6594;7536;8478;9420;10362;11304;12246;13188;14130;15072;16014;16956;17898;18840
943;1886;2829;3772;4715;5658;6601;7544;8487;9430;10373;11316;12259;13202;14145;15088;16031;16974;17917;18860
944;1888;2832;3776;4720;5664;6608;7552;8496;9440;10384;11328;12272;13216;14160;15104;16048;16992;17936;18880
945;1890;2835;3780;4725;5670;6615;7560;8505;9450;10395;11340;12285;13230;14175;15120;16065;17010;17955;18900
946;1892;2838;3784;4730;5676;6622;7568;8514;9460;10406;11352;12298;13244;14190;15136;16082;17028;17974;18920
947;1894;2841;3788;4735;5682;6629;7576;8523;9470;10417;11364;12311;13258;14205;15152;16099;17046;17993;18940
948;1896;2844;3792;4740;5688;6636;7584;8532;9480;10428;11376;12324;13272;14220;15168;16116;17064;18012;18960
949;1898;2847;3796;4745;5694;6643;7592;8541;9490;10439;11388;12337;13286;14235;15184;16133;17082;18031;18980
950;1900;2850;3800;4750;5700;6650;7600;8550;9500;10450;11400;12350;13300;14250;15200;16150;17100;18050;19000
951;1902;2853;3804;4755;5706;6657;7608;8559;9510;10461;11412;12363;13314;14265;15216;16167;17118;18069;19020
952;1904;2856;3808;4760;5712;6664;7616;8568;9520;10472;11424;12376;13328;14280;15232;16184;17136;18088;19040
953;1906;2859;3812;4765;5718;6671;7624;8577;9530;10483;11436;12389;13342;14295;15248;16201;17154;18107;19060
954;1908;2862;3816;4770;5724;6678;7632;8586;9540;10494;11448;12402;13356;14310;15264;16218;17172;18126;19080
955;1910;2865;3820;4775;5730;6685;7640;8595;9550;10505;11460;12415;13370;14325;15280;16235;17190;18145;19100
956;1912;2868;3824;4780;5736;6692;7648;8604;9560;10516;11472;12428;13384;14340;15296;16252;17208;18164;19120
957;1914;2871;3828;4785;5742;6699;7656;8613;9570;10527;11484;12441;13398;14355;15312;16269;17226;18183;19140
958;1916;2874;3832;4790;5748;6706;7664;8622;9580;10538;11496;12454;13412;14370;15328;16286;17244;18202;19160
959;1918;2877;3836;4795;5754;6713;7672;8631;9590;10549;11508;12467;13426;14385;15344;16303;17262;18221;19180
960;1920;2880;3840;4800;5760;6720;7680;8640;9600;10560;11520;12480;13440;14400;15360;16320;17280;18240;19200
961;1922;2883;3844;4805;5766;6727;7688;8649;9610;10571;11532;12493;13454;14415;15376;16337;17298;18259;19220
962;1924;2886;3848;4810;5772;6734;7696;8658;9620;10582;11544;12506;13468;14430;15392;16354;17316;18278;19240
963;1926;2889;3852;4815;5778;6741;7704;8667;9630;10593;11556;12519;13482;14445;15408;16371;17334;18297;19260
964;1928;2892;3856;4820;5784;6748;7712;8676;9640;10604;11568;12532;13496;14460;15424;16388;17352;18316;19280
965;1930;2895;3860;4825;5790;6755;7720;8685;9650;10615;11580;12545;13510;14475;15440;16405;17370;18335;19300
966;1932;2898;3864;4830;5796;6762;7728;8694;9660;10626;11592;12558;13524;14490;15456;16422;17388;18354;19320
967;1934;2901;3868;4835;5802;6769;7736;8703;9670;10637;11604;12571;13538;14505;15472;16439;17406;18373;19340
968;1936;2904;3872;4840;5808;6776;7744;8712;9680;10648;11616;12584;13552;14520;15488;16456;17424;18392;19360
969;1938;2907;3876;4845;5814;6783;7752;8721;9690;10659;11628;12597;13566;14535;15504;16473;17442;18411;19380
970;1940;2910;3880;4850;5820;6790;7760;8730;9700;10670;11640;12610;13580;14550;15520;16490;17460;18430;19400
971;1942;2913;3884;4855;5826;6797;7768;8739;9710;10681;11652;12623;13594;14565;15536;16507;17478;18449;19420
972;1944;2916;3888;4860;5832;6804;7776;8748;9720;10692;11664;12636;13608;14580;15552;16524;17496;18468;19440
973;1946;2919;3892;4865;5838;6811;7784;8757;9730;10703;11676;12649;13622;14595;15568;16541;17514;18487;19460
974;1948;2922;3896;4870;5844;6818;7792;8766;9740;10714;11688;12662;13636;14610;15584;16558;17532;18506;19480
975;1950;2925;3900;4875;5850;6825;7800;8775;9750;10725;11700;12675;13650;14625;15600;16575;17550;18525;19500
976;1952;2928;3904;4880;5856;6832;7808;8784;9760;10736;11712;12688;13664;14640;15616;16592;17568;18544;19520
977;1954;2931;3908;4885;5862;6839;7816;8793;9770;10747;11724;12701;13678;14655;15632;16609;17586;18563;19540
978;1956;2934;3912;4890;5868;6846;7824;8802;9780;10758;11736;12714;13692;14670;15648;16626;17604;18582;19560
979;1958;2937;3916;4895;5874;6853;7832;8811;9790;10769;11748;12727;13706;14685;15664;16643;17622;18601;19580
980;1960;2940;3920;4900;5880;6860;7840;8820;9800;10780;11760;12740;13720;14700;15680;16660;17640;18620;19600
981;1962;2943;3924;4905;5886;6867;7848;8829;9810;10791;11772;12753;13734;14715;15696;16677;17658;18639;19620
982;1964;2946;3928;4910;5892;6874;7856;8838;9820;10802;11784;12766;13748;14730;15712;16694;17676;18658;19640
983;1966;2949;3932;4915;5898;6881;7864;8847;9830;10813;11796;12779;13762;14745;15728;16711;17694;18677;19660
984;1968;2952;3936;4920;5904;6888;7872;8856;9840;10824;11808;12792;13776;14760;15744;16728;17712;18696;19680
985;1970;2955;3940;4925;5910;6895;7880;8865;9850;10835;11820;12805;13790;14775;15760;16745;17730;18715;19700
986;1972;2958;3944;4930;5916;6902;7888;8874;9860;10846;11832;12818;13804;14790;15776;16762;17748;18734;19720
987;1974;2961;3948;4935;5922;6909;7896;8883;9870;10857;11844;12831;13818;14805;15792;16779;17766;18753;19740
988;1976;2964;3952;4940;5928;6916;7904;8892;9880;10868;11856;12844;13832;14820;15808;16796;17784;18772;19760
989;1978;2967;3956;4945;5934;6923;7912;8901;9890;10879;11868;12857;13846;14835;15824;16813;17802;18791;19780
990;1980;2970;3960;4950;5940;6930;7920;8910;9900;10890;11880;12870;13860;14850;15840;16830;17820;18810;19800
991;1982;2973;3964;4955;5946;6937;7928;8919;9910;10901;11892;12883;13874;14865;15856;16847;17838;18829;19820
992;1984;2976;3968;4960;5952;6944;7936;8928;9920;10912;11904;12896;13888;14880;15872;16864;17856;18848;19840
993;1986;2979;3972;4965;5958;6951;7944;8937;9930;10923;11916;12909;13902;14895;15888;16881;17874;18867;19860
994;1988;2982;3976;4970;5964;6958;7952;8946;9940;10934;11928;12922;13916;14910;15904;16898;17892;18886;19880
995;1990;2985;3980;4975;5970;6965;7960;8955;9950;10945;11940;12935;13930;14925;15920;16915;17910;18905;19900
996;1992;2988;3984;4980;5976;6972;7968;8964;9960;10956;11952;12948;13944;14940;15936;16932;17928;18924;19920
997;1994;2991;3988;4985;5982;6979;7976;8973;9970;10967;11964;12961;13958;14955;15952;16949;17946;18943;19940
998;1996;2994;3992;4990;5988;6986;7984;8982;9980;10978;11976;12974;13972;14970;15968;16966;17964;18962;19960
999;1998;2997;3996;4995;5994;6993;7992;8991;9990;10989;11988;12987;13986;14985;15984;16983;17982;18981;19980
1000;2000;3000;4000;5000;6000;7000;8000;9000;10000;11000;12000;13000;14000;15000;16000;17000;18000;19000;20000
1001;2002;3003;4004;5005;6006;7007;8008;9009;10010;11011;12012;13013;14014;15015;16016;17017;18018;19019;20020
1002;2004;3006;4008;5010;6012;7014;8016;9018;10020;11022;12024;13026;14028;15030;16032;17034;18036;19038;20040
1003;2006;3009;4012;5015;6018;7021;8024;9027;10030;11033;12036;13039;14042;15045;16048;17051;18054;19057;20060
1004;2008;3012;4016;5020;6024;7028;8032;9036;10040;11044;12048;13052;14056;15060;16064;17068;18072;19076;20080
1005;2010;3015;4020;5025;6030;7035;8040;9045;10050;11055;12060;13065;14070;15075;16080;17085;18090;19095;20100
1006;2012;3018;4024;5030;6036;7042;8048;9054;10060;11066;12072;13078;14084;15090;16096;17102;18108;19114;20120
1007;2014;3021;4028;5035;6042;7049;8056;9063;10070;11077;12084;13091;14098;15105;16112;17119;18126;19133;20140
1008;2016;3024;4032;5040;6048;7056;8064;9072;10080;11088;12096;13104;14112;15120;16128;17136;18144;19152;20160
1009;2018;3027;4036;5045;6054;7063;8072;9081;10090;11099;12108;13117;14126;15135;16144;17153;18162;19171;20180
1010;2020;3030;4040;5050;6060;7070;8080;9090;10100;11110;12120;13130;14140;15150;16160;17170;18180;19190;20200
1011;2022;3033;4044;5055;6066;7077;8088;9099;10110;11121;12132;13143;14154;15165;16176;17187;18198;19209;20220
1012;2024;3036;4048;5060;6072;7084;8096;9108;10120;11132;12144;13156;14168;15180;16192;17204;18216;19228;20240
1013;2026;3039;4052;5065;6078;7091;8104;9117;10130;11143;12156;13169;14182;15195;16208;17221;18234;19247;20260
1014;2028;3042;4056;5070;6084;7098;8112;9126;10140;11154;12168;13182;14196;15210;16224;17238;18252;19266;20280
1015;2030;3045;4060;5075;6090;7105;8120;9135;10150;11165;12180;13195;14210;15225;16240;17255;18270;19285;20300
1016;2032;3048;4064;5080;6096;7112;8128;9144;10160;11176;12192;13208;14224;15240;16256;17272;18288;19304;20320
1017;2034;3051;4068;5085;6102;7119;8136;9153;10170;11187;12204;13221;14238;15255;16272;17289;18306;19323;20340
1018;2036;3054;4072;5090;6108;7126;8144;9162;10180;11198;12216;13234;14252;15270;16288;17306;18324;19342;20360
1019;2038;3057;4076;5095;6114;7133;8152;9171;10190;11209;12228;13247;14266;15285;16304;17323;18342;19361;20380
1020;2040;3060;4080;5100;6120;7140;8160;9180;10200;11220;12240;13260;14280;15300;16320;17340;18360;19380;20400
1021;2042;3063;4084;5105;6126;7147;8168;9189;10210;11231;12252;13273;14294;15315;16336;17357;18378;19399;20420
1022;2044;3066;4088;5110;6132;7154;8176;9198;10220;11242;12264;13286;14308;15330;16352;17374;18396;19418;20440
1023;2046;3069;4092;5115;6138;7161;8184;9207;10230;11253;12276;13299;14322;15345;16368;17391;18414;19437;20460
1024;2048;3072;4096;5120;6144;7168;8192;9216;10240;11264;12288;13312;14336;15360;16384;17408;18432;19456;20480
1025;2050;3075;4100;5125;6150;7175;8200;9225;10250;11275;12300;13325;14350;15375;16400;17425;18450;19475;20500
1026;2052;3078;4104;5130;6156;7182;8208;9234;10260;11286;12312;13338;14364;15390;16416;17442;18468;19494;20520
1027;2054;3081;4108;5135;6162;7189;8216;9243;10270;11297;12324;13351;14378;15405;16432;17459;18486;19513;20540
1028;2056;3084;4112;5140;6168;7196;8224;9252;10280;11308;12336;13364;14392;15420;16448;17476;18504;19532;20560
1029;2058;3087;4116;5145;6174;7203;8232;9261;10290;11319;12348;13377;14406;15435;16464;17493;18522;19551;20580
1030;2060;3090;4120;5150;6180;7210;8240;9270;10300;11330;12360;13390;14420;15450;16480;17510;18540;19570;20600
1031;2062;3093;4124;5155;6186;7217;8248;9279;10310;11341;12372;13403;14434;15465;16496;17527;18558;19589;20620
1032;2064;3096;4128;5160;6192;7224;8256;9288;10320;11352;12384;13416;14448;15480;16512;17544;18576;19608;20640
1033;2066;3099;4132;5165;6198;7231;8264;9297;10330;11363;12396;13429;14462;15495;16528;17561;18594;19627;20660
1034;2068;3102;4136;5170;6204;7238;8272;9306;10340;11374;12408;13442;14476;15510;16544;17578;18612;19646;20680
1035;2070;3105;4140;5175;6210;7245;8280;9315;10350;11385;12420;13455;14490;15525;16560;17595;18630;19665;20700
1036;2072;3108;4144;5180;6216;7252;8288;9324;10360;11396;12432;13468;14504;15540;16576;17612;18648;19684;20720
1037;2074;3111;4148;5185;6222;7259;8296;9333;10370;11407;12444;13481;14518;15555;16592;17629;18666;19703;20740
1038;2076;3114;4152;5190;6228;7266;8304;9342;10380;11418;12456;13494;14532;15570;16608;17646;18684;19722;20760
1039;2078;3117;4156;5195;6234;7273;8312;9351;10390;11429;12468;13507;14546;15585;16624;17663;18702;19741;20780
1040;2080;3120;4160;5200;6240;7280;8320;9360;10400;11440;12480;13520;14560;15600;16640;17680;18720;19760;20800
1041;2082;3123;4164;5205;6246;7287;8328;9369;10410;11451;12492;13533;14574;15615;16656;17697;18738;19779;20820
1042;2084;3126;4168;5210;6252;7294;8336;9378;10420;11462;12504;13546;14588;15630;16672;17714;18756;19798;20840
1043;2086;3129;4172;5215;6258;7301;8344;9387;10430;11473;12516;13559;14602;15645;16688;17731;18774;19817;20860
1044;2088;3132;4176;5220;6264;7308;8352;9396;10440;11484;12528;13572;14616;15660;16704;17748;18792;19836;20880
1045;2090;3135;4180;5225;6270;7315;8360;9405;10450;11495;12540;13585;14630;15675;16720;17765;18810;19855;20900
1046;2092;3138;4184;5230;6276;7322;8368;9414;10460;11506;12552;13598;14644;15690;16736;17782;18828;19874;20920
1047;2094;3141;4188;5235;6282;7329;8376;9423;10470;11517;12564;13611;14658;15705;16752;17799;18846;19893;20940
1048;2096;3144;4192;5240;6288;7336;8384;9432;10480;11528;12576;13624;14672;15720;16768;17816;18864;19912;20960
1049;2098;3147;4196;5245;6294;7343;8392;9441;10490;11539;12588;13637;14686;15735;16784;17833;18882;19931;20980
1050;2100;3150;4200;5250;6300;7350;8400;9450;10500;11550;12600;13650;14700;15750;16800;17850;18900;19950;21000
1051;2102;3153;4204;5255;6306;7357;8408;9459;10510;11561;12612;13663;14714;15765;16816;17867;18918;19969;21020
1052;2104;3156;4208;5260;6312;7364;8416;9468;10520;11572;12624;13676;14728;15780;16832;17884;18936;19988;21040
1053;2106;3159;4212;5265;6318;7371;8424;9477;10530;11583;12636;13689;14742;15795;16848;17901;18954;20007;21060
1054;2108;3162;4216;5270;6324;7378;8432;9486;10540;11594;12648;13702;14756;15810;16864;17918;18972;20026;21080
1055;2110;3165;4220;5275;6330;7385;8440;9495;10550;11605;12660;13715;14770;15825;16880;17935;18990;20045;21100
1056;2112;3168;4224;5280;6336;7392;8448;9504;10560;11616;12672;13728;14784;15840;16896;17952;19008;20064;21120
1057;2114;3171;4228;5285;6342;7399;8456;9513;10570;11627;12684;13741;14798;15855;16912;17969;19026;20083;21140
1058;2116;3174;4232;5290;6348;7406;8464;9522;10580;11638;12696;13754;14812;15870;16928;17986;19044;20102;21160
1059;2118;3177;4236;5295;6354;7413;8472;9531;10590;11649;12708;13767;14826;15885;16944;18003;19062;20121;21180
1060;2120;3180;4240;5300;6360;7420;8480;9540;10600;11660;12720;13780;14840;15900;16960;18020;19080;20140;21200
1061;2122;3183;4244;5305;6366;7427;8488;9549;10610;11671;12732;13793;14854;15915;16976;18037;19098;20159;21220
1062;2124;3186;4248;5310;6372;7434;8496;9558;10620;11682;12744;13806;14868;15930;16992;18054;19116;20178;21240
1063;2126;3189;4252;5315;6378;7441;8504;9567;10630;11693;12756;13819;14882;15945;17008;18071;19134;20197;21260
1064;2128;3192;4256;5320;6384;7448;8512;9576;10640;11704;12768;13832;14896;15960;17024;18088;19152;20216;21280
1065;2130;3195;4260;5325;6390;7455;8520;9585;10650;11715;12780;13845;14910;15975;17040;18105;19170;20235;21300
1066;2132;3198;4264;5330;6396;7462;8528;9594;10660;11726;12792;13858;14924;15990;17056;18122;19188;20254;21320
1067;2134;3201;4268;5335;6402;7469;8536;9603;10670;11737;12804;13871;14938;16005;17072;18139;19206;20273;21340
1068;2136;3204;4272;5340;6408;7476;8544;9612;10680;11748;12816;13884;14952;16020;17088;18156;19224;20292;21360
1069;2138;3207;4276;5345;6414;7483;8552;9621;10690;11759;12828;13897;14966;16035;17104;18173;19242;20311;21380
1070;2140;3210;4280;5350;6420;7490;8560;9630;10700;11770;12840;13910;14980;16050;17120;18190;19260;20330;21400
1071;2142;3213;4284;5355;6426;7497;8568;9639;10710;11781;12852;13923;14994;16065;17136;18207;19278;20349;21420
1072;2144;3216;4288;5360;6432;7504;8576;9648;10720;11792;12864;13936;15008;16080;17152;18224;19296;20368;21440
1073;2146;3219;4292;5365;6438;7511;8584;9657;10730;11803;12876;13949;15022;16095;17168;18241;19314;20387;21460
1074;2148;3222;4296;5370;6444;7518;8592;9666;10740;11814;12888;13962;15036;16110;17184;18258;19332;20406;21480
1075;2150;3225;4300;5375;6450;7525;8600;9675;10750;11825;12900;13975;15050;16125;17200;18275;19350;20425;21500
1076;2152;3228;4304;5380;6456;7532;8608;9684;10760;11836;12912;13988;15064;16140;17216;18292;19368;20444;21520
1077;2154;3231;4308;5385;6462;7539;8616;9693;10770;11847;12924;14001;15078;16155;17232;18309;19386;20463;21540
1078;2156;3234;4312;5390;6468;7546;8624;9702;10780;11858;12936;14014;15092;16170;17248;18326;19404;20482;21560
1079;2158;3237;4316;5395;6474;7553;8632;9711;10790;11869;12948;14027;15106;16185;17264;18343;19422;20501;21580
1080;2160;3240;4320;5400;6480;7560;8640;9720;10800;11880;12960;14040;15120;16200;17280;18360;19440;20520;21600
1081;2162;3243;4324;5405;6486;7567;8648;9729;10810;11891;12972;14053;15134;16215;17296;18377;19458;20539;21620
1082;2164;3246;4328;5410;6492;7574;8656;9738;10820;11902;12984;14066;15148;16230;17312;18394;19476;20558;21640
1083;2166;3249;4332;5415;6498;7581;8664;9747;10830;11913;12996;14079;15162;16245;17328;18411;19494;20577;21660
1084;2168;3252;4336;5420;6504;7588;8672;9756;10840;11924;13008;14092;15176;16260;17344;18428;19512;20596;21680
1085;2170;3255;4340;5425;6510;7595;8680;9765;10850;11935;13020;14105;15190;16275;17360;18445;19530;20615;21700
1086;2172;3258;4344;5430;6516;7602;8688;9774;10860;11946;13032;14118;15204;16290;17376;18462;19548;20634;21720
1087;2174;3261;4348;5435;6522;7609;8696;9783;10870;11957;13044;14131;15218;16305;17392;18479;19566;20653;21740
1088;2176;3264;4352;5440;6528;7616;8704;9792;10880;11968;13056;14144;15232;16320;17408;18496;19584;20672;21760
1089;2178;3267;4356;5445;6534;7623;8712;9801;10890;11979;13068;14157;15246;16335;17424;18513;19602;20691;21780
1090;2180;3270;4360;5450;6540;7630;8720;9810;10900;11990;13080;14170;15260;16350;17440;18530;19620;20710;21800
1091;2182;3273;4364;5455;6546;7637;8728;9819;10910;12001;13092;14183;15274;16365;17456;18547;19638;20729;21820
1092;2184;3276;4368;5460;6552;7644;8736;9828;10920;12012;13104;14196;15288;16380;17472;18564;19656;20748;21840
1093;2186;3279;4372;5465;6558;7651;8744;9837;10930;12023;13116;14209;15302;16395;17488;18581;19674;20767;21860
1094;2188;3282;4376;5470;6564;7658;8752;9846;10940;12034;13128;14222;15316;16410;17504;18598;19692;20786;21880
1095;2190;3285;4380;5475;6570;7665;8760;9855;10950;12045;13140;14235;15330;16425;17520;18615;19710;20805;21900
1096;2192;3288;4384;5480;6576;7672;8768;9864;10960;12056;13152;14248;15344;16440;17536;18632;19728;20824;21920
1097;2194;3291;4388;5485;6582;7679;8776;9873;10970;12067;13164;14261;15358;16455;17552;18649;19746;20843;21940
1098;2196;3294;4392;5490;6588;7686;8784;9882;10980;12078;13176;14274;15372;16470;17568;18666;19764;20862;21960
1099;2198;3297;4396;5495;6594;7693;8792;9891;10990;12089;13188;14287;15386;16485;17584;18683;19782;20881;21980
1100;2200;3300;4400;5500;6600;7700;8800;9900;11000;12100;13200;14300;15400;16500;17600;18700;19800;20900;22000
1101;2202;3303;4404;5505;6606;7707;8808;9909;11010;12111;13212;14313;15414;16515;17616;18717;19818;20919;22020
1102;2204;3306;4408;5510;6612;7714;8816;9918;11020;12122;13224;14326;15428;16530;17632;18734;19836;20938;22040
1103;2206;3309;4412;5515;6618;7721;8824;9927;11030;12133;13236;14339;15442;16545;17648;18751;19854;20957;22060
1104;2208;3312;4416;5520;6624;7728;8832;9936;11040;12144;13248;14352;15456;16560;17664;18768;19872;20976;22080
1105;2210;3315;4420;5525;6630;7735;8840;9945;11050;12155;13260;14365;15470;16575;17680;18785;19890;20995;22100
1106;2212;3318;4424;5530;6636;7742;8848;9954;11060;12166;13272;14378;15484;16590;17696;18802;19908;21014;22120
1107;2214;3321;4428;5535;6642;7749;8856;9963;11070;12177;13284;14391;15498;16605;17712;18819;19926;21033;22140
1108;2216;3324;4432;5540;6648;7756;8864;9972;11080;12188;13296;14404;15512;16620;17728;18836;19944;21052;22160
1109;2218;3327;4436;5545;6654;7763;8872;9981;11090;12199;13308;14417;15526;16635;17744;18853;19962;21071;22180
1110;2220;3330;4440;5550;6660;7770;8880;9990;11100;12210;13320;14430;15540;16650;17760;18870;19980;21090;22200
1111;2222;3333;4444;5555;6666;7777;8888;9999;11110;12221;13332;14443;15554;16665;17776;18887;19998;21109;22220
1112;2224;3336;4448;5560;6672;7784;8896;10008;11120;12232;13344;14456;15568;16680;17792;18904;20016;21128;22240
1113;2226;3339;4452;5565;6678;7791;8904;10017;11130;12243;13356;14469;15582;16695;17808;18921;20034;21147;22260
1114;2228;3342;4456;5570;6684;7798;8912;10026;11140;12254;13368;14482;15596;16710;17824;18938;20052;21166;22280
1115;2230;3345;4460;5575;6690;7805;8920;10035;11150;12265;13380;14495;15610;16725;17840;18955;20070;21185;22300
1116;2232;3348;4464;5580;6696;7812;8928;10044;11160;12276;13392;14508;15624;16740;17856;18972;20088;21204;22320
1117;2234;3351;4468;5585;6702;7819;8936;10053;11170;12287;13404;14521;15638;16755;17872;18989;20106;21223;22340
1118;2236;3354;4472;5590;6708;7826;8944;10062;11180;12298;13416;14534;15652;16770;17888;19006;20124;21242;22360
1119;2238;3357;4476;5595;6714;7833;8952;10071;11190;12309;13428;14547;15666;16785;17904;19023;20142;21261;22380
1120;2240;3360;4480;5600;6720;7840;8960;10080;11200;12320;13440;14560;15680;16800;17920;19040;20160;21280;22400
1121;2242;3363;4484;5605;6726;7847;8968;10089;11210;12331;13452;14573;15694;16815;17936;19057;20178;21299;22420
1122;2244;3366;4488;5610;6732;7854;8976;10098;11220;12342;13464;14586;15708;16830;17952;19074;20196;21318;22440
1123;2246;3369;4492;5615;6738;7861;8984;10107;11230;12353;13476;14599;15722;16845;17968;19091;20214;21337;22460
1124;2248;3372;4496;5620;6744;7868;8992;10116;11240;12364;13488;14612;15736;16860;17984;19108;20232;21356;22480
1125;2250;3375;4500;5625;6750;7875;9000;10125;11250;12375;13500;14625;15750;16875;18000;19125;20250;21375;22500
1126;2252;3378;4504;5630;6756;7882;9008;10134;11260;12386;13512;14638;15764;16890;18016;19142;20268;21394;22520
1127;2254;3381;4508;5635;6762;7889;9016;10143;11270;12397;13524;14651;15778;16905;18032;19159;20286;21413;22540
1128;2256;3384;4512;5640;6768;7896;9024;10152;11280;12408;13536;14664;15792;16920;18048;19176;20304;21432;22560
1129;2258;3387;4516;5645;6774;7903;9032;10161;11290;12419;13548;14677;15806;16935;18064;19193;20322;21451;22580
1130;2260;3390;4520;5650;6780;7910;9040;10170;11300;12430;13560;14690;15820;16950;18080;19210;20340;21470;22600
1131;2262;3393;4524;5655;6786;7917;9048;10179;11310;12441;13572;14703;15834;16965;18096;19227;20358;21489;22620
1132;2264;3396;4528;5660;6792;7924;9056;10188;11320;12452;13584;14716;15848;16980;18112;19244;20376;21508;22640
1133;2266;3399;4532;5665;6798;7931;9064;10197;11330;12463;13596;14729;15862;16995;18128;19261;20394;21527;22660
1134;2268;3402;4536;5670;6804;7938;9072;10206;11340;12474;13608;14742;15876;17010;18144;19278;20412;21546;22680
1135;2270;3405;4540;5675;6810;7945;9080;10215;11350;12485;13620;14755;15890;17025;18160;19295;20430;21565;22700
1136;2272;3408;4544;5680;6816;7952;9088;10224;11360;12496;13632;14768;15904;17040;18176;19312;20448;21584;22720
1137;2274;3411;4548;5685;6822;7959;9096;10233;11370;12507;13644;14781;15918;17055;18192;19329;20466;21603;22740
1138;2276;3414;4552;5690;6828;7966;9104;10242;11380;12518;13656;14794;15932;17070;18208;19346;20484;21622;22760
1139;2278;3417;4556;5695;6834;7973;9112;10251;11390;12529;13668;14807;15946;17085;18224;19363;20502;21641;22780
1140;2280;3420;4560;5700;6840;7980;9120;10260;11400;12540;13680;14820;15960;17100;18240;19380;20520;21660;22800
1141;2282;3423;4564;5705;6846;7987;9128;10269;11410;12551;13692;14833;15974;17115;18256;19397;20538;21679;22820
1142;2284;3426;4568;5710;6852;7994;9136;10278;11420;12562;13704;14846;15988;17130;18272;19414;20556;21698;22840
1143;2286;3429;4572;5715;6858;8001;9144;10287;11430;12573;13716;14859;16002;17145;18288;19431;20574;21717;22860
1144;2288;3432;4576;5720;6864;8008;9152;10296;11440;12584;13728;14872;16016;17160;18304;19448;20592;21736;22880
1145;2290;3435;4580;5725;6870;8015;9160;10305;11450;12595;13740;14885;16030;17175;18320;19465;20610;21755;22900
1146;2292;3438;4584;5730;6876;8022;9168;10314;11460;12606;13752;14898;16044;17190;18336;19482;20628;21774;22920
1147;2294;3441;4588;5735;6882;8029;9176;10323;11470;12617;13764;14911;16058;17205;18352;19499;20646;21793;22940
1148;2296;3444;4592;5740;6888;8036;9184;10332;11480;12628;13776;14924;16072;17220;18368;19516;20664;21812;22960
1149;2298;3447;4596;5745;6894;8043;9192;10341;11490;12639;13788;14937;16086;17235;18384;19533;20682;21831;22980
1150;2300;3450;4600;5750;6900;8050;9200;10350;11500;12650;13800;14950;16100;17250;18400;19550;20700;21850;23000
1151;2302;3453;4604;5755;6906;8057;9208;10359;11510;12661;13812;14963;16114;17265;18416;19567;20718;21869;23020
1152;2304;3456;4608;5760;6912;8064;9216;10368;11520;12672;13824;14976;16128;17280;18432;19584;20736;21888;23040
1153;2306;3459;4612;5765;6918;8071;9224;10377;11530;12683;13836;14989;16142;17295;18448;19601;20754;21907;23060
1154;2308;3462;4616;5770;6924;8078;9232;10386;11540;12694;13848;15002;16156;17310;18464;19618;20772;21926;23080
1155;2310;3465;4620;5775;6930;8085;9240;10395;11550;12705;13860;15015;16170;17325;18480;19635;20790;21945;23100
1156;2312;3468;4624;5780;6936;8092;9248;10404;11560;12716;13872;15028;16184;17340;18496;19652;20808;21964;23120
1157;2314;3471;4628;5785;6942;8099;9256;10413;11570;12727;13884;15041;16198;17355;18512;19669;20826;21983;23140
1158;2316;3474;4632;5790;6948;8106;9264;10422;11580;12738;13896;15054;16212;17370;18528;19686;20844;22002;23160
1159;2318;3477;4636;5795;6954;8113;9272;10431;11590;12749;13908;15067;16226;17385;18544;19703;20862;22021;23180
1160;2320;3480;4640;5800;6960;8120;9280;10440;11600;12760;13920;15080;16240;17400;18560;19720;20880;22040;23200
1161;2322;3483;4644;5805;6966;8127;9288;10449;11610;12771;13932;15093;16254;17415;18576;19737;20898;22059;23220
1162;2324;3486;4648;5810;6972;8134;9296;10458;11620;12782;13944;15106;16268;17430;18592;19754;20916;22078;23240
1163;2326;3489;4652;5815;6978;8141;9304;10467;11630;12793;13956;15119;16282;17445;18608;19771;20934;22097;23260
1164;2328;3492;4656;5820;6984;8148;9312;10476;11640;12804;13968;15132;16296;17460;18624;19788;20952;22116;23280
1165;2330;3495;4660;5825;6990;8155;9320;10485;11650;12815;13980;15145;16310;17475;18640;19805;20970;22135;23300
1166;2332;3498;4664;5830;6996;8162;9328;10494;11660;12826;13992;15158;16324;17490;18656;19822;20988;22154;23320
1167;2334;3501;4668;5835;7002;8169;9336;10503;11670;12837;14004;15171;16338;17505;18672;19839;21006;22173;23340
1168;2336;3504;4672;5840;7008;8176;9344;10512;11680;12848;14016;15184;16352;17520;18688;19856;21024;22192;23360
1169;2338;3507;4676;5845;7014;8183;9352;10521;11690;12859;14028;15197;16366;17535;18704;19873;21042;22211;23380
1170;2340;3510;4680;5850;7020;8190;9360;10530;11700;12870;14040;15210;16380;17550;18720;19890;21060;22230;23400
1171;2342;3513;4684;5855;7026;8197;9368;10539;11710;12881;14052;15223;16394;17565;18736;19907;21078;22249;23420
1172;2344;3516;4688;5860;7032;8204;9376;10548;11720;12892;14064;15236;16408;17580;18752;19924;21096;22268;23440
1173;2346;3519;4692;5865;7038;8211;9384;10557;11730;12903;14076;15249;16422;17595;18768;19941;21114;22287;23460
1174;2348;3522;4696;5870;7044;8218;9392;10566;11740;12914;14088;15262;16436;17610;18784;19958;21132;22306;23480
1175;2350;3525;4700;5875;7050;8225;9400;10575;11750;12925;14100;15275;16450;17625;18800;19975;21150;22325;23500
1176;2352;3528;4704;5880;7056;8232;9408;10584;11760;12936;14112;15288;16464;17640;18816;19992;21168;22344;23520
1177;2354;3531;4708;5885;7062;8239;9416;10593;11770;12947;14124;15301;16478;17655;18832;20009;21186;22363;23540
1178;2356;3534;4712;5890;7068;8246;9424;10602;11780;12958;14136;15314;16492;17670;18848;20026;21204;22382;23560
1179;2358;3537;4716;5895;7074;8253;9432;10611;11790;12969;14148;15327;16506;17685;18864;20043;21222;22401;23580
1180;2360;3540;4720;5900;7080;8260;9440;10620;11800;12980;14160;15340;16520;17700;18880;20060;21240;22420;23600
1181;2362;3543;4724;5905;7086;8267;9448;10629;11810;12991;14172;15353;16534;17715;18896;20077;21258;22439;23620
1182;2364;3546;4728;5910;7092;8274;9456;10638;11820;13002;14184;15366;16548;17730;18912;20094;21276;22458;23640
1183;2366;3549;4732;5915;7098;8281;9464;10647;11830;13013;14196;15379;16562;17745;18928;20111;21294;22477;23660
1184;2368;3552;4736;5920;7104;8288;9472;10656;11840;13024;14208;15392;16576;17760;18944;20128;21312;22496;23680
1185;2370;3555;4740;5925;7110;8295;9480;10665;11850;13035;14220;15405;16590;17775;18960;20145;21330;22515;23700
1186;2372;3558;4744;5930;7116;8302;9488;10674;11860;13046;14232;15418;16604;17790;18976;20162;21348;22534;23720
1187;2374;3561;4748;5935;7122;8309;9496;10683;11870;13057;14244;15431;16618;17805;18992;20179;21366;22553;23740
1188;2376;3564;4752;5940;7128;8316;9504;10692;11880;13068;14256;15444;16632;17820;19008;20196;21384;22572;23760
1189;2378;3567;4756;5945;7134;8323;9512;10701;11890;13079;14268;15457;16646;17835;19024;20213;21402;22591;23780
1190;2380;3570;4760;5950;7140;8330;9520;10710;11900;13090;14280;15470;16660;17850;19040;20230;21420;22610;23800
1191;2382;3573;4764;5955;7146;8337;9528;10719;11910;13101;14292;15483;16674;17865;19056;20247;21438;22629;23820
1192;2384;3576;4768;5960;7152;8344;9536;10728;11920;13112;14304;15496;16688;17880;19072;20264;21456;22648;23840
1193;2386;3579;4772;5965;7158;8351;9544;10737;11930;13123;14316;15509;16702;17895;19088;20281;21474;22667;23860
1194;2388;3582;4776;5970;7164;8358;9552;10746;11940;13134;14328;15522;16716;17910;19104;20298;21492;22686;23880
1195;2390;3585;4780;5975;7170;8365;9560;10755;11950;13145;14340;15535;16730;17925;19120;20315;21510;22705;23900
1196;2392;3588;4784;5980;7176;8372;9568;10764;11960;13156;14352;15548;16744;17940;19136;20332;21528;22724;23920
1197;2394;3591;4788;5985;7182;8379;9576;10773;11970;13167;14364;15561;16758;17955;19152;20349;21546;22743;23940
1198;2396;3594;4792;5990;7188;8386;9584;10782;11980;13178;14376;15574;16772;17970;19168;20366;21564;22762;23960
1199;2398;3597;4796;5995;7194;8393;9592;10791;11990;13189;14388;15587;16786;17985;19184;20383;21582;22781;23980
1200;2400;3600;4800;6000;7200;8400;9600;10800;12000;13200;14400;15600;16800;18000;19200;20400;21600;22800;24000
1201;2402;3603;4804;6005;7206;8407;9608;10809;12010;13211;14412;15613;16814;18015;19216;20417;21618;22819;24020
1202;2404;3606;4808;6010;7212;8414;9616;10818;12020;13222;14424;15626;16828;18030;19232;20434;21636;22838;24040
1203;2406;3609;4812;6015;7218;8421;9624;10827;12030;13233;14436;15639;16842;18045;19248;20451;21654;22857;24060
1204;2408;3612;4816;6020;7224;8428;9632;10836;12040;13244;14448;15652;16856;18060;19264;20468;21672;22876;24080
1205;2410;3615;4820;6025;7230;8435;9640;10845;12050;13255;14460;15665;16870;18075;19280;20485;21690;22895;24100
1206;2412;3618;4824;6030;7236;8442;9648;10854;12060;13266;14472;15678;16884;18090;19296;20502;21708;22914;24120
1207;2414;3621;4828;6035;7242;8449;9656;10863;12070;13277;14484;15691;16898;18105;19312;20519;21726;22933;24140
1208;2416;3624;4832;6040;7248;8456;9664;10872;12080;13288;14496;15704;16912;18120;19328;20536;21744;22952;24160
1209;2418;3627;4836;6045;7254;8463;9672;10881;12090;13299;14508;15717;16926;18135;19344;20553;21762;22971;24180
1210;2420;3630;4840;6050;7260;8470;9680;10890;12100;13310;14520;15730;16940;18150;19360;20570;21780;22990;24200
1211;2422;3633;4844;6055;7266;8477;9688;10899;12110;13321;14532;15743;16954;18165;19376;20587;21798;23009;24220
1212;2424;3636;4848;6060;7272;8484;9696;10908;12120;13332;14544;15756;16968;18180;19392;20604;21816;23028;24240
1213;2426;3639;4852;6065;7278;8491;9704;10917;12130;13343;14556;15769;16982;18195;19408;20621;21834;23047;24260
1214;2428;3642;4856;6070;7284;8498;9712;10926;12140;13354;14568;15782;16996;18210;19424;20638;21852;23066;24280
1215;2430;3645;4860;6075;7290;8505;9720;10935;12150;13365;14580;15795;17010;18225;19440;20655;21870;23085;24300
1216;2432;3648;4864;6080;7296;8512;9728;10944;12160;13376;14592;15808;17024;18240;19456;20672;21888;23104;24320
1217;2434;3651;4868;6085;7302;8519;9736;10953;12170;13387;14604;15821;17038;18255;19472;20689;21906;23123;24340
1218;2436;3654;4872;6090;7308;8526;9744;10962;12180;13398;14616;15834;17052;18270;19488;20706;21924;23142;24360
1219;2438;3657;4876;6095;7314;8533;9752;10971;12190;13409;14628;15847;17066;18285;19504;20723;21942;23161;24380
1220;2440;3660;4880;6100;7320;8540;9760;10980;12200;13420;14640;15860;17080;18300;19520;20740;21960;23180;24400
1221;2442;3663;4884;6105;7326;8547;9768;10989;12210;13431;14652;15873;17094;18315;19536;20757;21978;23199;24420
1222;2444;3666;4888;6110;7332;8554;9776;10998;12220;13442;14664;15886;17108;18330;19552;20774;21996;23218;24440
1223;2446;3669;4892;6115;7338;8561;9784;11007;12230;13453;14676;15899;17122;18345;19568;20791;22014;23237;24460
1224;2448;3672;4896;6120;7344;8568;9792;11016;12240;13464;14688;15912;17136;18360;19584;20808;22032;23256;24480
1225;2450;3675;4900;6125;7350;8575;9800;11025;12250;13475;14700;15925;17150;18375;19600;20825;22050;23275;24500
1226;2452;3678;4904;6130;7356;8582;9808;11034;12260;13486;14712;15938;17164;18390;19616;20842;22068;23294;24520
1227;2454;3681;4908;6135;7362;8589;9816;11043;12270;13497;14724;15951;17178;18405;19632;20859;22086;23313;24540
1228;2456;3684;4912;6140;7368;8596;9824;11052;12280;13508;14736;15964;17192;18420;19648;20876;22104;23332;24560
1229;2458;3687;4916;6145;7374;8603;9832;11061;12290;13519;14748;15977;17206;18435;19664;20893;22122;23351;24580
1230;2460;3690;4920;6150;7380;8610;9840;11070;12300;13530;14760;15990;17220;18450;19680;20910;22140;23370;24600
1231;2462;3693;4924;6155;7386;8617;9848;11079;12310;13541;14772;16003;17234;18465;19696;20927;22158;23389;24620
1232;2464;3696;4928;6160;7392;8624;9856;11088;12320;13552;14784;16016;17248;18480;19712;20944;22176;23408;24640
1233;2466;3699;4932;6165;7398;8631;9864;11097;12330;13563;14796;16029;17262;18495;19728;20961;22194;23427;24660
1234;2468;3702;4936;6170;7404;8638;9872;11106;12340;13574;14808;16042;17276;18510;19744;20978;22212;23446;24680
1235;2470;3705;4940;6175;7410;8645;9880;11115;12350;13585;14820;16055;17290;18525;19760;20995;22230;23465;24700
1236;2472;3708;4944;6180;7416;8652;9888;11124;12360;13596;14832;16068;17304;18540;19776;21012;22248;23484;24720
1237;2474;3711;4948;6185;7422;8659;9896;11133;12370;13607;14844;16081;17318;18555;19792;21029;22266;23503;24740
1238;2476;3714;4952;6190;7428;8666;9904;11142;12380;13618;14856;16094;17332;18570;19808;21046;22284;23522;24760
1239;2478;3717;4956;6195;7434;8673;9912;11151;12390;13629;14868;16107;17346;18585;19824;21063;22302;23541;24780
1240;2480;3720;4960;6200;7440;8680;9920;11160;12400;13640;14880;16120;17360;18600;19840;21080;22320;23560;24800
1241;2482;3723;4964;6205;7446;8687;9928;11169;12410;13651;14892;16133;17374;18615;19856;21097;22338;23579;24820
1242;2484;3726;4968;6210;7452;8694;9936;11178;12420;13662;14904;16146;17388;18630;19872;21114;22356;23598;24840
1243;2486;3729;4972;6215;7458;8701;9944;11187;12430;13673;14916;16159;17402;18645;19888;21131;22374;23617;24860
1244;2488;3732;4976;6220;7464;8708;9952;11196;12440;13684;14928;16172;17416;18660;19904;21148;22392;23636;24880
1245;2490;3735;4980;6225;7470;8715;9960;11205;12450;13695;14940;16185;17430;18675;19920;21165;22410;23655;24900
1246;2492;3738;4984;6230;7476;8722;9968;11214;12460;13706;14952;16198;17444;18690;19936;21182;22428;23674;24920
1247;2494;3741;4988;6235;7482;8729;9976;11223;12470;13717;14964;16211;17458;18705;19952;21199;22446;23693;24940
1248;2496;3744;4992;6240;7488;8736;9984;11232;12480;13728;14976;16224;17472;18720;19968;21216;22464;23712;24960
1249;2498;3747;4996;6245;7494;8743;9992;11241;12490;13739;14988;16237;17486;18735;19984;21233;22482;23731;24980
1250;2500;3750;5000;6250;7500;8750;10000;11250;12500;13750;15000;16250;17500;18750;20000;21250;22500;23750;25000
1251;2502;3753;5004;6255;7506;8757;10008;11259;12510;13761;15012;16263;17514;18765;20016;21267;22518;23769;25020
1252;2504;3756;5008;6260;7512;8764;10016;11268;12520;13772;15024;16276;17528;18780;20032;21284;22536;23788;25040
1253;2506;3759;5012;6265;7518;8771;10024;11277;12530;13783;15036;16289;17542;18795;20048;21301;22554;23807;25060
1254;2508;3762;5016;6270;7524;8778;10032;11286;12540;13794;15048;16302;17556;18810;20064;21318;22572;23826;25080
1255;2510;3765;5020;6275;7530;8785;10040;11295;12550;13805;15060;16315;17570;18825;20080;21335;22590;23845;25100
1256;2512;3768;5024;6280;7536;8792;10048;11304;12560;13816;15072;16328;17584;18840;20096;21352;22608;23864;25120
1257;2514;3771;5028;6285;7542;8799;10056;11313;12570;13827;15084;16341;17598;18855;20112;21369;22626;23883;25140
1258;2516;3774;5032;6290;7548;8806;10064;11322;12580;13838;15096;16354;17612;18870;20128;21386;22644;23902;25160
1259;2518;3777;5036;6295;7554;8813;10072;11331;12590;13849;15108;16367;17626;18885;20144;21403;22662;23921;25180
1260;2520;3780;5040;6300;7560;8820;10080;11340;12600;13860;15120;16380;17640;18900;20160;21420;22680;23940;25200
1261;2522;3783;5044;6305;7566;8827;10088;11349;12610;13871;15132;16393;17654;18915;20176;21437;22698;23959;25220
1262;2524;3786;5048;6310;7572;8834;10096;11358;12620;13882;15144;16406;17668;18930;20192;21454;22716;23978;25240
1263;2526;3789;5052;6315;7578;8841;10104;11367;12630;13893;15156;16419;17682;18945;20208;21471;22734;23997;25260
1264;2528;3792;5056;6320;7584;8848;10112;11376;12640;13904;15168;16432;17696;18960;20224;21488;22752;24016;25280
1265;2530;3795;5060;6325;7590;8855;10120;11385;12650;13915;15180;16445;17710;18975;20240;21505;22770;24035;25300
1266;2532;3798;5064;6330;7596;8862;10128;11394;12660;13926;15192;16458;17724;18990;20256;21522;22788;24054;25320
1267;2534;3801;5068;6335;7602;8869;10136;11403;12670;13937;15204;16471;17738;19005;20272;21539;22806;24073;25340
1268;2536;3804;5072;6340;7608;8876;10144;11412;12680;13948;15216;16484;17752;19020;20288;21556;22824;24092;25360
1269;2538;3807;5076;6345;7614;8883;10152;11421;12690;13959;15228;16497;17766;19035;20304;21573;22842;24111;25380
1270;2540;3810;5080;6350;7620;8890;10160;11430;12700;13970;15240;16510;17780;19050;20320;21590;22860;24130;25400
1271;2542;3813;5084;6355;7626;8897;10168;11439;12710;13981;15252;16523;17794;19065;20336;21607;22878;24149;25420
1272;2544;3816;5088;6360;7632;8904;10176;11448;12720;13992;15264;16536;17808;19080;20352;21624;22896;24168;25440
1273;2546;3819;5092;6365;7638;8911;10184;11457;12730;14003;15276;16549;17822;19095;20368;21641;22914;24187;25460
1274;2548;3822;5096;6370;7644;8918;10192;11466;12740;14014;15288;16562;17836;19110;20384;21658;22932;24206;25480
1275;2550;3825;5100;6375;7650;8925;10200;11475;12750;14025;15300;16575;17850;19125;20400;21675;22950;24225;25500
1276;2552;3828;5104;6380;7656;8932;10208;11484;12760;14036;15312;16588;17864;19140;20416;21692;22968;24244;25520
1277;2554;3831;5108;6385;7662;8939;10216;11493;12770;14047;15324;16601;17878;19155;20432;21709;22986;24263;25540
1278;2556;3834;5112;6390;7668;8946;10224;11502;12780;14058;15336;16614;17892;19170;20448;21726;23004;24282;25560
1279;2558;3837;5116;6395;7674;8953;10232;11511;12790;14069;15348;16627;17906;19185;20464;21743;23022;24301;25580
1280;2560;3840;5120;6400;7680;8960;10240;11520;12800;14080;15360;16640;17920;19200;20480;21760;23040;24320;25600
1281;2562;3843;5124;6405;7686;8967;10248;11529;12810;14091;15372;16653;17934;19215;20496;21777;23058;24339;25620
1282;2564;3846;5128;6410;7692;8974;10256;11538;12820;14102;15384;16666;17948;19230;20512;21794;23076;24358;25640
1283;2566;3849;5132;6415;7698;8981;10264;11547;12830;14113;15396;16679;17962;19245;20528;21811;23094;24377;25660
1284;2568;3852;5136;6420;7704;8988;10272;11556;12840;14124;15408;16692;17976;19260;20544;21828;23112;24396;25680
1285;2570;3855;5140;6425;7710;8995;10280;11565;12850;14135;15420;16705;17990;19275;20560;21845;23130;24415;25700
1286;2572;3858;5144;6430;7716;9002;10288;11574;12860;14146;15432;16718;18004;19290;20576;21862;23148;24434;25720
1287;2574;3861;5148;6435;7722;9009;10296;11583;12870;14157;15444;16731;18018;19305;20592;21879;23166;24453;25740
1288;2576;3864;5152;6440;7728;9016;10304;11592;12880;14168;15456;16744;18032;19320;20608;21896;23184;24472;25760
1289;2578;3867;5156;6445;7734;9023;10312;11601;12890;14179;15468;16757;18046;19335;20624;21913;23202;24491;25780
1290;2580;3870;5160;6450;7740;9030;10320;11610;12900;14190;15480;16770;18060;19350;20640;21930;23220;24510;25800
1291;2582;3873;5164;6455;7746;9037;10328;11619;12910;14201;15492;16783;18074;19365;20656;21947;23238;24529;25820
1292;2584;3876;5168;6460;7752;9044;10336;11628;12920;14212;15504;16796;18088;19380;20672;21964;23256;24548;25840
1293;2586;3879;5172;6465;7758;9051;10344;11637;12930;14223;15516;16809;18102;19395;20688;21981;23274;24567;25860
1294;2588;3882;5176;6470;7764;9058;10352;11646;12940;14234;15528;16822;18116;19410;20704;21998;23292;24586;25880
1295;2590;3885;5180;6475;7770;9065;10360;11655;12950;14245;15540;16835;18130;19425;20720;22015;23310;24605;25900
1296;2592;3888;5184;6480;7776;9072;10368;11664;12960;14256;15552;16848;18144;19440;20736;22032;23328;24624;25920
1297;2594;3891;5188;6485;7782;9079;10376;11673;12970;14267;15564;16861;18158;19455;20752;22049;23346;24643;25940
1298;2596;3894;5192;6490;7788;9086;10384;11682;12980;14278;15576;16874;18172;19470;20768;22066;23364;24662;25960
1299;2598;3897;5196;6495;7794;9093;10392;11691;12990;14289;15588;16887;18186;19485;20784;22083;23382;24681;25980
1300;2600;3900;5200;6500;7800;9100;10400;11700;13000;14300;15600;16900;18200;19500;20800;22100;23400;24700;26000
1301;2602;3903;5204;6505;7806;9107;10408;11709;13010;14311;15612;16913;18214;19515;20816;22117;23418;24719;26020
1302;2604;3906;5208;6510;7812;9114;10416;11718;13020;14322;15624;16926;18228;19530;20832;22134;23436;24738;26040
1303;2606;3909;5212;6515;7818;9121;10424;11727;13030;14333;15636;16939;18242;19545;20848;22151;23454;24757;26060
1304;2608;3912;5216;6520;7824;9128;10432;11736;13040;14344;15648;16952;18256;19560;20864;22168;23472;24776;26080
1305;2610;3915;5220;6525;7830;9135;10440;11745;13050;14355;15660;16965;18270;19575;20880;22185;23490;24795;26100
1306;2612;3918;5224;6530;7836;9142;10448;11754;13060;14366;15672;16978;18284;19590;20896;22202;23508;24814;26120
1307;2614;3921;5228;6535;7842;9149;10456;11763;13070;14377;15684;16991;18298;19605;20912;22219;23526;24833;26140
1308;2616;3924;5232;6540;7848;9156;10464;11772;13080;14388;15696;17004;18312;19620;20928;22236;23544;24852;26160
1309;2618;3927;5236;6545;7854;9163;10472;11781;13090;14399;15708;17017;18326;19635;20944;22253;23562;24871;26180
1310;2620;3930;5240;6550;7860;9170;10480;11790;13100;14410;15720;17030;18340;19650;20960;22270;23580;24890;26200
1311;2622;3933;5244;6555;7866;9177;10488;11799;13110;14421;15732;17043;18354;19665;20976;22287;23598;24909;26220
1312;2624;3936;5248;6560;7872;9184;10496;11808;13120;14432;15744;17056;18368;19680;20992;22304;23616;24928;26240
1313;2626;3939;5252;6565;7878;9191;10504;11817;13130;14443;15756;17069;18382;19695;21008;22321;23634;24947;26260
1314;2628;3942;5256;6570;7884;9198;10512;11826;13140;14454;15768;17082;18396;19710;21024;22338;23652;24966;26280
1315;2630;3945;5260;6575;7890;9205;10520;11835;13150;14465;15780;17095;18410;19725;21040;22355;23670;24985;26300
1316;2632;3948;5264;6580;7896;9212;10528;11844;13160;14476;15792;17108;18424;19740;21056;22372;23688;25004;26320
1317;2634;3951;5268;6585;7902;9219;10536;11853;13170;14487;15804;17121;18438;19755;21072;22389;23706;25023;26340
1318;2636;3954;5272;6590;7908;9226;10544;11862;13180;14498;15816;17134;18452;19770;21088;22406;23724;25042;26360
1319;2638;3957;5276;6595;7914;9233;10552;11871;13190;14509;15828;17147;18466;19785;21104;22423;23742;25061;26380
1320;2640;3960;5280;6600;7920;9240;10560;11880;13200;14520;15840;17160;18480;19800;21120;22440;23760;25080;26400
1321;2642;3963;5284;6605;7926;9247;10568;11889;13210;14531;15852;17173;18494;19815;21136;22457;23778;25099;26420
1322;2644;3966;5288;6610;7932;9254;10576;11898;13220;14542;15864;17186;18508;19830;21152;22474;23796;25118;26440
1323;2646;3969;5292;6615;7938;9261;10584;11907;13230;14553;15876;17199;18522;19845;21168;22491;23814;25137;26460
1324;2648;3972;5296;6620;7944;9268;10592;11916;13240;14564;15888;17212;18536;19860;21184;22508;23832;25156;26480
1325;2650;3975;5300;6625;7950;9275;10600;11925;13250;14575;15900;17225;18550;19875;21200;22525;23850;25175;26500
1326;2652;3978;5304;6630;7956;9282;10608;11934;13260;14586;15912;17238;18564;19890;21216;22542;23868;25194;26520
1327;2654;3981;5308;6635;7962;9289;10616;11943;13270;14597;15924;17251;18578;19905;21232;22559;23886;25213;26540
1328;2656;3984;5312;6640;7968;9296;10624;11952;13280;14608;15936;17264;18592;19920;21248;22576;23904;25232;26560
1329;2658;3987;5316;6645;7974;9303;10632;11961;13290;14619;15948;17277;18606;19935;21264;22593;23922;25251;26580
1330;2660;3990;5320;6650;7980;9310;10640;11970;13300;14630;15960;17290;18620;19950;21280;22610;23940;25270;26600
1331;2662;3993;5324;6655;7986;9317;10648;11979;13310;14641;15972;17303;18634;19965;21296;22627;23958;25289;26620
1332;2664;3996;5328;6660;7992;9324;10656;11988;13320;14652;15984;17316;18648;19980;21312;22644;23976;25308;26640
1333;2666;3999;5332;6665;7998;9331;10664;11997;13330;14663;15996;17329;18662;19995;21328;22661;23994;25327;26660
1334;2668;4002;5336;6670;8004;9338;10672;12006;13340;14674;16008;17342;18676;20010;21344;22678;24012;25346;26680
1335;2670;4005;5340;6675;8010;9345;10680;12015;13350;14685;16020;17355;18690;20025;21360;22695;24030;25365;26700
1336;2672;4008;5344;6680;8016;9352;10688;12024;13360;14696;16032;17368;18704;20040;21376;22712;24048;25384;26720
1337;2674;4011;5348;6685;8022;9359;10696;12033;13370;14707;16044;17381;18718;20055;21392;22729;24066;25403;26740
1338;2676;4014;5352;6690;8028;9366;10704;12042;13380;14718;16056;17394;18732;20070;21408;22746;24084;25422;26760
1339;2678;4017;5356;6695;8034;9373;10712;12051;13390;14729;16068;17407;18746;20085;21424;22763;24102;25441;26780
1340;2680;4020;5360;6700;8040;9380;10720;12060;13400;14740;16080;17420;18760;20100;21440;22780;24120;25460;26800
1341;2682;4023;5364;6705;8046;9387;10728;12069;13410;14751;16092;17433;18774;20115;21456;22797;24138;25479;26820
1342;2684;4026;5368;6710;8052;9394;10736;12078;13420;14762;16104;17446;18788;20130;21472;22814;24156;25498;26840
1343;2686;4029;5372;6715;8058;9401;10744;12087;13430;14773;16116;17459;18802;20145;21488;22831;24174;25517;26860
1344;2688;4032;5376;6720;8064;9408;10752;12096;13440;14784;16128;17472;18816;20160;21504;22848;24192;25536;26880
1345;2690;4035;5380;6725;8070;9415;10760;12105;13450;14795;16140;17485;18830;20175;21520;22865;24210;25555;26900
1346;2692;4038;5384;6730;8076;9422;10768;12114;13460;14806;16152;17498;18844;20190;21536;22882;24228;25574;26920
1347;2694;4041;5388;6735;8082;9429;10776;12123;13470;14817;16164;17511;18858;20205;21552;22899;24246;25593;26940
1348;2696;4044;5392;6740;8088;9436;10784;12132;13480;14828;16176;17524;18872;20220;21568;22916;24264;25612;26960
1349;2698;4047;5396;6745;8094;9443;10792;12141;13490;14839;16188;17537;18886;20235;21584;22933;24282;25631;26980
1350;2700;4050;5400;6750;8100;9450;10800;12150;13500;14850;16200;17550;18900;20250;21600;22950;24300;25650;27000
1351;2702;4053;5404;6755;8106;9457;10808;12159;13510;14861;16212;17563;18914;20265;21616;22967;24318;25669;27020
1352;2704;4056;5408;6760;8112;9464;10816;12168;13520;14872;16224;17576;18928;20280;21632;22984;24336;25688;27040
1353;2706;4059;5412;6765;8118;9471;10824;12177;13530;14883;16236;17589;18942;20295;21648;23001;24354;25707;27060
1354;2708;4062;5416;6770;8124;9478;10832;12186;13540;14894;16248;17602;18956;20310;21664;23018;24372;25726;27080
1355;2710;4065;5420;6775;8130;9485;10840;12195;13550;14905;16260;17615;18970;20325;21680;23035;24390;25745;27100
1356;2712;4068;5424;6780;8136;9492;10848;12204;13560;14916;16272;17628;18984;20340;21696;23052;24408;25764;27120
1357;2714;4071;5428;6785;8142;9499;10856;12213;13570;14927;16284;17641;18998;20355;21712;23069;24426;25783;27140
1358;2716;4074;5432;6790;8148;9506;10864;12222;13580;14938;16296;17654;19012;20370;21728;23086;24444;25802;27160
1359;2718;4077;5436;6795;8154;9513;10872;12231;13590;14949;16308;17667;19026;20385;21744;23103;24462;25821;27180
1360;2720;4080;5440;6800;8160;9520;10880;12240;13600;14960;16320;17680;19040;20400;21760;23120;24480;25840;27200
1361;2722;4083;5444;6805;8166;9527;10888;12249;13610;14971;16332;17693;19054;20415;21776;23137;24498;25859;27220
1362;2724;4086;5448;6810;8172;9534;10896;12258;13620;14982;16344;17706;19068;20430;21792;23154;24516;25878;27240
1363;2726;4089;5452;6815;8178;9541;10904;12267;13630;14993;16356;17719;19082;20445;21808;23171;24534;25897;27260
1364;2728;4092;5456;6820;8184;9548;10912;12276;13640;15004;16368;17732;19096;20460;21824;23188;24552;25916;27280
1365;2730;4095;5460;6825;8190;9555;10920;12285;13650;15015;16380;17745;19110;20475;21840;23205;24570;25935;27300
1366;2732;4098;5464;6830;8196;9562;10928;12294;13660;15026;16392;17758;19124;20490;21856;23222;24588;25954;27320
1367;2734;4101;5468;6835;8202;9569;10936;12303;13670;15037;16404;17771;19138;20505;21872;23239;24606;25973;27340
1368;2736;4104;5472;6840;8208;9576;10944;12312;13680;15048;16416;17784;19152;20520;21888;23256;24624;25992;27360
1369;2738;4107;5476;6845;8214;9583;10952;12321;13690;15059;16428;17797;19166;20535;21904;23273;24642;26011;27380
1370;2740;4110;5480;6850;8220;9590;10960;12330;13700;15070;16440;17810;19180;20550;21920;23290;24660;26030;27400
1371;2742;4113;5484;6855;8226;9597;10968;12339;13710;15081;16452;17823;19194;20565;21936;23307;24678;26049;27420
1372;2744;4116;5488;6860;8232;9604;10976;12348;13720;15092;16464;17836;19208;20580;21952;23324;24696;26068;27440
1373;2746;4119;5492;6865;8238;9611;10984;12357;13730;15103;16476;17849;19222;20595;21968;23341;24714;26087;27460
1374;2748;4122;5496;6870;8244;9618;10992;12366;13740;15114;16488;17862;19236;20610;21984;23358;24732;26106;27480
1375;2750;4125;5500;6875;8250;9625;11000;12375;13750;15125;16500;17875;19250;20625;22000;23375;24750;26125;27500
1376;2752;4128;5504;6880;8256;9632;11008;12384;13760;15136;16512;17888;19264;20640;22016;23392;24768;26144;27520
1377;2754;4131;5508;6885;8262;9639;11016;12393;13770;15147;16524;17901;19278;20655;22032;23409;24786;26163;27540
1378;2756;4134;5512;6890;8268;9646;11024;12402;13780;15158;16536;17914;19292;20670;22048;23426;24804;26182;27560
1379;2758;4137;5516;6895;8274;9653;11032;12411;13790;15169;16548;17927;19306;20685;22064;23443;24822;26201;27580
1380;2760;4140;5520;6900;8280;9660;11040;12420;13800;15180;16560;17940;19320;20700;22080;23460;24840;26220;27600
1381;2762;4143;5524;6905;8286;9667;11048;12429;13810;15191;16572;17953;19334;20715;22096;23477;24858;26239;27620
1382;2764;4146;5528;6910;8292;9674;11056;12438;13820;15202;16584;17966;19348;20730;22112;23494;24876;26258;27640
1383;2766;4149;5532;6915;8298;9681;11064;12447;13830;15213;16596;17979;19362;20745;22128;23511;24894;26277;27660
1384;2768;4152;5536;6920;8304;9688;11072;12456;13840;15224;16608;17992;19376;20760;22144;23528;24912;26296;27680
1385;2770;4155;5540;6925;8310;9695;11080;12465;13850;15235;16620;18005;19390;20775;22160;23545;24930;26315;27700
1386;2772;4158;5544;6930;8316;9702;11088;12474;13860;15246;16632;18018;19404;20790;22176;23562;24948;26334;27720
1387;2774;4161;5548;6935;8322;9709;11096;12483;13870;15257;16644;18031;19418;20805;22192;23579;24966;26353;27740
1388;2776;4164;5552;6940;8328;9716;11104;12492;13880;15268;16656;18044;19432;20820;22208;23596;24984;26372;27760
1389;2778;4167;5556;6945;8334;9723;11112;12501;13890;15279;16668;18057;19446;20835;22224;23613;25002;26391;27780
1390;2780;4170;5560;6950;8340;9730;11120;12510;13900;15290;16680;18070;19460;20850;22240;23630;25020;26410;27800
1391;2782;4173;5564;6955;8346;9737;11128;12519;13910;15301;16692;18083;19474;20865;22256;23647;25038;26429;27820
1392;2784;4176;5568;6960;8352;9744;11136;12528;13920;15312;16704;18096;19488;20880;22272;23664;25056;26448;27840
1393;2786;4179;5572;6965;8358;9751;11144;12537;13930;15323;16716;18109;19502;20895;22288;23681;25074;26467;27860
1394;2788;4182;5576;6970;8364;9758;11152;12546;13940;15334;16728;18122;19516;20910;22304;23698;25092;26486;27880
1395;2790;4185;5580;6975;8370;9765;11160;12555;13950;15345;16740;18135;19530;20925;22320;23715;25110;26505;27900
1396;2792;4188;5584;6980;8376;9772;11168;12564;13960;15356;16752;18148;19544;20940;22336;23732;25128;26524;27920
1397;2794;4191;5588;6985;8382;9779;11176;12573;13970;15367;16764;18161;19558;20955;22352;23749;25146;26543;27940
1398;2796;4194;5592;6990;8388;9786;11184;12582;13980;15378;16776;18174;19572;20970;22368;23766;25164;26562;27960
1399;2798;4197;5596;6995;8394;9793;11192;12591;13990;15389;16788;18187;19586;20985;22384;23783;25182;26581;27980
1400;2800;4200;5600;7000;8400;9800;11200;12600;14000;15400;16800;18200;19600;21000;22400;23800;25200;26600;28000
1401;2802;4203;5604;7005;8406;9807;11208;12609;14010;15411;16812;18213;19614;21015;22416;23817;25218;26619;28020
1402;2804;4206;5608;7010;8412;9814;11216;12618;14020;15422;16824;18226;19628;21030;22432;23834;25236;26638;28040
1403;2806;4209;5612;7015;8418;9821;11224;12627;14030;15433;16836;18239;19642;21045;22448;23851;25254;26657;28060
1404;2808;4212;5616;7020;8424;9828;11232;12636;14040;15444;16848;18252;19656;21060;22464;23868;25272;26676;28080
1405;2810;4215;5620;7025;8430;9835;11240;12645;14050;15455;16860;18265;19670;21075;22480;23885;25290;26695;28100
1406;2812;4218;5624;7030;8436;9842;11248;12654;14060;15466;16872;18278;19684;21090;22496;23902;25308;26714;28120
1407;2814;4221;5628;7035;8442;9849;11256;12663;14070;15477;16884;18291;19698;21105;22512;23919;25326;26733;28140
1408;2816;4224;5632;7040;8448;9856;11264;12672;14080;15488;16896;18304;19712;21120;22528;23936;25344;26752;28160
1409;2818;4227;5636;7045;8454;9863;11272;12681;14090;15499;16908;18317;19726;21135;22544;23953;25362;26771;28180
1410;2820;4230;5640;7050;8460;9870;11280;12690;14100;15510;16920;18330;19740;21150;22560;23970;25380;26790;28200
1411;2822;4233;5644;7055;8466;9877;11288;12699;14110;15521;16932;18343;19754;21165;22576;23987;25398;26809;28220
1412;2824;4236;5648;7060;8472;9884;11296;12708;14120;15532;16944;18356;19768;21180;22592;24004;25416;26828;28240
1413;2826;4239;5652;7065;8478;9891;11304;12717;14130;15543;16956;18369;19782;21195;22608;24021;25434;26847;28260
1414;2828;4242;5656;7070;8484;9898;11312;12726;14140;15554;16968;18382;19796;21210;22624;24038;25452;26866;28280
1415;2830;4245;5660;7075;8490;9905;11320;12735;14150;15565;16980;18395;19810;21225;22640;24055;25470;26885;28300
1416;2832;4248;5664;7080;8496;9912;11328;12744;14160;15576;16992;18408;19824;21240;22656;24072;25488;26904;28320
1417;2834;4251;5668;7085;8502;9919;11336;12753;14170;15587;17004;18421;19838;21255;22672;24089;25506;26923;28340
1418;2836;4254;5672;7090;8508;9926;11344;12762;14180;15598;17016;18434;19852;21270;22688;24106;25524;26942;28360
1419;2838;4257;5676;7095;8514;9933;11352;12771;14190;15609;17028;18447;19866;21285;22704;24123;25542;26961;28380
1420;2840;4260;5680;7100;8520;9940;11360;12780;14200;15620;17040;18460;19880;21300;22720;24140;25560;26980;28400
1421;2842;4263;5684;7105;8526;9947;11368;12789;14210;15631;17052;18473;19894;21315;22736;24157;25578;26999;28420
1422;2844;4266;5688;7110;8532;9954;11376;12798;14220;15642;17064;18486;19908;21330;22752;24174;25596;27018;28440
1423;2846;4269;5692;7115;8538;9961;11384;12807;14230;15653;17076;18499;19922;21345;22768;24191;25614;27037;28460
1424;2848;4272;5696;7120;8544;9968;11392;12816;14240;15664;17088;18512;19936;21360;22784;24208;25632;27056;28480
1425;2850;4275;5700;7125;8550;9975;11400;12825;14250;15675;17100;18525;19950;21375;22800;24225;25650;27075;28500
1426;2852;4278;5704;7130;8556;9982;11408;12834;14260;15686;17112;18538;19964;21390;22816;24242;25668;27094;28520
1427;2854;4281;5708;7135;8562;9989;11416;12843;14270;15697;17124;18551;19978;21405;22832;24259;25686;27113;28540
1428;2856;4284;5712;7140;8568;9996;11424;12852;14280;15708;17136;18564;19992;21420;22848;24276;25704;27132;28560
1429;2858;4287;5716;7145;8574;10003;11432;12861;14290;15719;17148;18577;20006;21435;22864;24293;25722;27151;28580
1430;2860;4290;5720;7150;8580;10010;11440;12870;14300;15730;17160;18590;20020;21450;22880;24310;25740;27170;28600
1431;2862;4293;5724;7155;8586;10017;11448;12879;14310;15741;17172;18603;20034;21465;22896;24327;25758;27189;28620
1432;2864;4296;5728;7160;8592;10024;11456;12888;14320;15752;17184;18616;20048;21480;22912;24344;25776;27208;28640
1433;2866;4299;5732;7165;8598;10031;11464;12897;14330;15763;17196;18629;20062;21495;22928;24361;25794;27227;28660
1434;2868;4302;5736;7170;8604;10038;11472;12906;14340;15774;17208;18642;20076;21510;22944;24378;25812;27246;28680
1435;2870;4305;5740;7175;8610;10045;11480;12915;14350;15785;17220;18655;20090;21525;22960;24395;25830;27265;28700
1436;2872;4308;5744;7180;8616;10052;11488;12924;14360;15796;17232;18668;20104;21540;22976;24412;25848;27284;28720
1437;2874;4311;5748;7185;8622;10059;11496;12933;14370;15807;17244;18681;20118;21555;22992;24429;25866;27303;28740
1438;2876;4314;5752;7190;8628;10066;11504;12942;14380;15818;17256;18694;20132;21570;23008;24446;25884;27322;28760
1439;2878;4317;5756;7195;8634;10073;11512;12951;14390;15829;17268;18707;20146;21585;23024;24463;25902;27341;28780
1440;2880;4320;5760;7200;8640;10080;11520;12960;14400;15840;17280;18720;20160;21600;23040;24480;25920;27360;28800
1441;2882;4323;5764;7205;8646;10087;11528;12969;14410;15851;17292;18733;20174;21615;23056;24497;25938;27379;28820
1442;2884;4326;5768;7210;8652;10094;11536;12978;14420;15862;17304;18746;20188;21630;23072;24514;25956;27398;28840
1443;2886;4329;5772;7215;8658;10101;11544;12987;14430;15873;17316;18759;20202;21645;23088;24531;25974;27417;28860
1444;2888;4332;5776;7220;8664;10108;11552;12996;14440;15884;17328;18772;20216;21660;23104;24548;25992;27436;28880
1445;2890;4335;5780;7225;8670;10115;11560;13005;14450;15895;17340;18785;20230;21675;23120;24565;26010;27455;28900
1446;2892;4338;5784;7230;8676;10122;11568;13014;14460;15906;17352;18798;20244;21690;23136;24582;26028;27474;28920
1447;2894;4341;5788;7235;8682;10129;11576;13023;14470;15917;17364;18811;20258;21705;23152;24599;26046;27493;28940
1448;2896;4344;5792;7240;8688;10136;11584;13032;14480;15928;17376;18824;20272;21720;23168;24616;26064;27512;28960
1449;2898;4347;5796;7245;8694;10143;11592;13041;14490;15939;17388;18837;20286;21735;23184;24633;26082;27531;28980
1450;2900;4350;5800;7250;8700;10150;11600;13050;14500;15950;17400;18850;20300;21750;23200;24650;26100;27550;29000
1451;2902;4353;5804;7255;8706;10157;11608;13059;14510;15961;17412;18863;20314;21765;23216;24667;26118;27569;29020
1452;2904;4356;5808;7260;8712;10164;11616;13068;14520;15972;17424;18876;20328;21780;23232;24684;26136;27588;29040
1453;2906;4359;5812;7265;8718;10171;11624;13077;14530;15983;17436;18889;20342;21795;23248;24701;26154;27607;29060
1454;2908;4362;5816;7270;8724;10178;11632;13086;14540;15994;17448;18902;20356;21810;23264;24718;26172;27626;29080
1455;2910;4365;5820;7275;8730;10185;11640;13095;14550;16005;17460;18915;20370;21825;23280;24735;26190;27645;29100
1456;2912;4368;5824;7280;8736;10192;11648;13104;14560;16016;17472;18928;20384;21840;23296;24752;26208;27664;29120
1457;2914;4371;5828;7285;8742;10199;11656;13113;14570;16027;17484;18941;20398;21855;23312;24769;26226;27683;29140
1458;2916;4374;5832;7290;8748;10206;11664;13122;14580;16038;17496;18954;20412;21870;23328;24786;26244;27702;29160
1459;2918;4377;5836;7295;8754;10213;11672;13131;14590;16049;17508;18967;20426;21885;23344;24803;26262;27721;29180
1460;2920;4380;5840;7300;8760;10220;11680;13140;14600;16060;17520;18980;20440;21900;23360;24820;26280;27740;29200
1461;2922;4383;5844;7305;8766;10227;11688;13149;14610;16071;17532;18993;20454;21915;23376;24837;26298;27759;29220
1462;2924;4386;5848;7310;8772;10234;11696;13158;14620;16082;17544;19006;20468;21930;23392;24854;26316;27778;29240
1463;2926;4389;5852;7315;8778;10241;11704;13167;14630;16093;17556;19019;20482;21945;23408;24871;26334;27797;29260
1464;2928;4392;5856;7320;8784;10248;11712;13176;14640;16104;17568;19032;20496;21960;23424;24888;26352;27816;29280
1465;2930;4395;5860;7325;8790;10255;11720;13185;14650;16115;17580;19045;20510;21975;23440;24905;26370;27835;29300
1466;2932;4398;5864;7330;8796;10262;11728;13194;14660;16126;17592;19058;20524;21990;23456;24922;26388;27854;29320
1467;2934;4401;5868;7335;8802;10269;11736;13203;14670;16137;17604;19071;20538;22005;23472;24939;26406;27873;29340
1468;2936;4404;5872;7340;8808;10276;11744;13212;14680;16148;17616;19084;20552;22020;23488;24956;26424;27892;29360
1469;2938;4407;5876;7345;8814;10283;11752;13221;14690;16159;17628;19097;20566;22035;23504;24973;26442;27911;29380
1470;2940;4410;5880;7350;8820;10290;11760;13230;14700;16170;17640;19110;20580;22050;23520;24990;26460;27930;29400
1471;2942;4413;5884;7355;8826;10297;11768;13239;14710;16181;17652;19123;20594;22065;23536;25007;26478;27949;29420
1472;2944;4416;5888;7360;8832;10304;11776;13248;14720;16192;17664;19136;20608;22080;23552;25024;26496;27968;29440
1473;2946;4419;5892;7365;8838;10311;11784;13257;14730;16203;17676;19149;20622;22095;23568;25041;26514;27987;29460
1474;2948;4422;5896;7370;8844;10318;11792;13266;14740;16214;17688;19162;20636;22110;23584;25058;26532;28006;29480
1475;2950;4425;5900;7375;8850;10325;11800;13275;14750;16225;17700;19175;20650;22125;23600;25075;26550;28025;29500
1476;2952;4428;5904;7380;8856;10332;11808;13284;14760;16236;17712;19188;20664;22140;23616;25092;26568;28044;29520
1477;2954;4431;5908;7385;8862;10339;11816;13293;14770;16247;17724;19201;20678;22155;23632;25109;26586;28063;29540
1478;2956;4434;5912;7390;8868;10346;11824;13302;14780;16258;17736;19214;20692;22170;23648;25126;26604;28082;29560
1479;2958;4437;5916;7395;8874;10353;11832;13311;14790;16269;17748;19227;20706;22185;23664;25143;26622;28101;29580
1480;2960;4440;5920;7400;8880;10360;11840;13320;14800;16280;17760;19240;20720;22200;23680;25160;26640;28120;29600
1481;2962;4443;5924;7405;8886;10367;11848;13329;14810;16291;17772;19253;20734;22215;23696;25177;26658;28139;29620
1482;2964;4446;5928;7410;8892;10374;11856;13338;14820;16302;17784;19266;20748;22230;23712;25194;26676;28158;29640
1483;2966;4449;5932;7415;8898;10381;11864;13347;14830;16313;17796;19279;20762;22245;23728;25211;26694;28177;29660
1484;2968;4452;5936;7420;8904;10388;11872;13356;14840;16324;17808;19292;20776;22260;23744;25228;26712;28196;29680
1485;2970;4455;5940;7425;8910;10395;11880;13365;14850;16335;17820;19305;20790;22275;23760;25245;26730;28215;29700
1486;2972;4458;5944;7430;8916;10402;11888;13374;14860;16346;17832;19318;20804;22290;23776;25262;26748;28234;29720
1487;2974;4461;5948;7435;8922;10409;11896;13383;14870;16357;17844;19331;20818;22305;23792;25279;26766;28253;29740
1488;2976;4464;5952;7440;8928;10416;11904;13392;14880;16368;17856;19344;20832;22320;23808;25296;26784;28272;29760
1489;2978;4467;5956;7445;8934;10423;11912;13401;14890;16379;17868;19357;20846;22335;23824;25313;26802;28291;29780
1490;2980;4470;5960;7450;8940;10430;11920;13410;14900;16390;17880;19370;20860;22350;23840;25330;26820;28310;29800
1491;2982;4473;5964;7455;8946;10437;11928;13419;14910;16401;17892;19383;20874;22365;23856;25347;26838;28329;29820
1492;2984;4476;5968;7460;8952;10444;11936;13428;14920;16412;17904;19396;20888;22380;23872;25364;26856;28348;29840
1493;2986;4479;5972;7465;8958;10451;11944;13437;14930;16423;17916;19409;20902;22395;23888;25381;26874;28367;29860
1494;2988;4482;5976;7470;8964;10458;11952;13446;14940;16434;17928;19422;20916;22410;23904;25398;26892;28386;29880
1495;2990;4485;5980;7475;8970;10465;11960;13455;14950;16445;17940;19435;20930;22425;23920;25415;26910;28405;29900
1496;2992;4488;5984;7480;8976;10472;11968;13464;14960;16456;17952;19448;20944;22440;23936;25432;26928;28424;29920
1497;2994;4491;5988;7485;8982;10479;11976;13473;14970;16467;17964;19461;20958;22455;23952;25449;26946;28443;29940
1498;2996;4494;5992;7490;8988;10486;11984;13482;14980;16478;17976;19474;20972;22470;23968;25466;26964;28462;29960
1499;2998;4497;5996;7495;8994;10493;11992;13491;14990;16489;17988;19487;20986;22485;23984;25483;26982;28481;29980
1500;3000;4500;6000;7500;9000;10500;12000;13500;15000;16500;18000;19500;21000;22500;24000;25500;27000;28500;30000
1501;3002;4503;6004;7505;9006;10507;12008;13509;15010;16511;18012;19513;21014;22515;24016;25517;27018;28519;30020
1502;3004;4506;6008;7510;9012;10514;12016;13518;15020;16522;18024;19526;21028;22530;24032;25534;27036;28538;30040
1503;3006;4509;6012;7515;9018;10521;12024;13527;15030;16533;18036;19539;21042;22545;24048;25551;27054;28557;30060
1504;3008;4512;6016;7520;9024;10528;12032;13536;15040;16544;18048;19552;21056;22560;24064;25568;27072;28576;30080
1505;3010;4515;6020;7525;9030;10535;12040;13545;15050;16555;18060;19565;21070;22575;24080;25585;27090;28595;30100
1506;3012;4518;6024;7530;9036;10542;12048;13554;15060;16566;18072;19578;21084;22590;24096;25602;27108;28614;30120
1507;3014;4521;6028;7535;9042;10549;12056;13563;15070;16577;18084;19591;21098;22605;24112;25619;27126;28633;30140
1508;3016;4524;6032;7540;9048;10556;12064;13572;15080;16588;18096;19604;21112;22620;24128;25636;27144;28652;30160
1509;3018;4527;6036;7545;9054;10563;12072;13581;15090;16599;18108;19617;21126;22635;24144;25653;27162;28671;30180
1510;3020;4530;6040;7550;9060;10570;12080;13590;15100;16610;18120;19630;21140;22650;24160;25670;27180;28690;30200
1511;3022;4533;6044;7555;9066;10577;12088;13599;15110;16621;18132;19643;21154;22665;24176;25687;27198;28709;30220
1512;3024;4536;6048;7560;9072;10584;12096;13608;15120;16632;18144;19656;21168;22680;24192;25704;27216;28728;30240
1513;3026;4539;6052;7565;9078;10591;12104;13617;15130;16643;18156;19669;21182;22695;24208;25721;27234;28747;30260
1514;3028;4542;6056;7570;9084;10598;12112;13626;15140;16654;18168;19682;21196;22710;24224;25738;27252;28766;30280
1515;3030;4545;6060;7575;9090;10605;12120;13635;15150;16665;18180;19695;21210;22725;24240;25755;27270;28785;30300
1516;3032;4548;6064;7580;9096;10612;12128;13644;15160;16676;18192;19708;21224;22740;24256;25772;27288;28804;30320
1517;3034;4551;6068;7585;9102;10619;12136;13653;15170;16687;18204;19721;21238;22755;24272;25789;27306;28823;30340
1518;3036;4554;6072;7590;9108;10626;12144;13662;15180;16698;18216;19734;21252;22770;24288;25806;27324;28842;30360
1519;3038;4557;6076;7595;9114;10633;12152;13671;15190;16709;18228;19747;21266;22785;24304;25823;27342;28861;30380
1520;3040;4560;6080;7600;9120;10640;12160;13680;15200;16720;18240;19760;21280;22800;24320;25840;27360;28880;30400
1521;3042;4563;6084;7605;9126;10647;12168;13689;15210;16731;18252;19773;21294;22815;24336;25857;27378;28899;30420
1522;3044;4566;6088;7610;9132;10654;12176;13698;15220;16742;18264;19786;21308;22830;24352;25874;27396;28918;30440
1523;3046;4569;6092;7615;9138;10661;12184;13707;15230;16753;18276;19799;21322;22845;24368;25891;27414;28937;30460
1524;3048;4572;6096;7620;9144;10668;12192;13716;15240;16764;18288;19812;21336;22860;24384;25908;27432;28956;30480
1525;3050;4575;6100;7625;9150;10675;12200;13725;15250;16775;18300;19825;21350;22875;24400;25925;27450;28975;30500
1526;3052;4578;6104;7630;9156;10682;12208;13734;15260;16786;18312;19838;21364;22890;24416;25942;27468;28994;30520
1527;3054;4581;6108;7635;9162;10689;12216;13743;15270;16797;18324;19851;21378;22905;24432;25959;27486;29013;30540
1528;3056;4584;6112;7640;9168;10696;12224;13752;15280;16808;18336;19864;21392;22920;24448;25976;27504;29032;30560
1529;3058;4587;6116;7645;9174;10703;12232;13761;15290;16819;18348;19877;21406;22935;24464;25993;27522;29051;30580
1530;3060;4590;6120;7650;9180;10710;12240;13770;15300;16830;18360;19890;21420;22950;24480;26010;27540;29070;30600
1531;3062;4593;6124;7655;9186;10717;12248;13779;15310;16841;18372;19903;21434;22965;24496;26027;27558;29089;30620
1532;3064;4596;6128;7660;9192;10724;12256;13788;15320;16852;18384;19916;21448;22980;24512;26044;27576;29108;30640
1533;3066;4599;6132;7665;9198;10731;12264;13797;15330;16863;18396;19929;21462;22995;24528;26061;27594;29127;30660
1534;3068;4602;6136;7670;9204;10738;12272;13806;15340;16874;18408;19942;21476;23010;24544;26078;27612;29146;30680
1535;3070;4605;6140;7675;9210;10745;12280;13815;15350;16885;18420;19955;21490;23025;24560;26095;27630;29165;30700
1536;3072;4608;6144;7680;9216;10752;12288;13824;15360;16896;18432;19968;21504;23040;24576;26112;27648;29184;30720
1537;3074;4611;6148;7685;9222;10759;12296;13833;15370;16907;18444;19981;21518;23055;24592;26129;27666;29203;30740
1538;3076;4614;6152;7690;9228;10766;12304;13842;15380;16918;18456;19994;21532;23070;24608;26146;27684;29222;30760
1539;3078;4617;6156;7695;9234;10773;12312;13851;15390;16929;18468;20007;21546;23085;24624;26163;27702;29241;30780
1540;3080;4620;6160;7700;9240;10780;12320;13860;15400;16940;18480;20020;21560;23100;24640;26180;27720;29260;30800
1541;3082;4623;6164;7705;9246;10787;12328;13869;15410;16951;18492;20033;21574;23115;24656;26197;27738;29279;30820
1542;3084;4626;6168;7710;9252;10794;12336;13878;15420;16962;18504;20046;21588;23130;24672;26214;27756;29298;30840
1543;3086;4629;6172;7715;9258;10801;12344;13887;15430;16973;18516;20059;21602;23145;24688;26231;27774;29317;30860
1544;3088;4632;6176;7720;9264;10808;12352;13896;15440;16984;18528;20072;21616;23160;24704;26248;27792;29336;30880
1545;3090;4635;6180;7725;9270;10815;12360;13905;15450;16995;18540;20085;21630;23175;24720;26265;27810;29355;30900
1546;3092;4638;6184;7730;9276;10822;12368;13914;15460;17006;18552;20098;21644;23190;24736;26282;27828;29374;30920
1547;3094;4641;6188;7735;9282;10829;12376;13923;15470;17017;18564;20111;21658;23205;24752;26299;27846;29393;30940
1548;3096;4644;6192;7740;9288;10836;12384;13932;15480;17028;18576;20124;21672;23220;24768;26316;27864;29412;30960
1549;3098;4647;6196;7745;9294;10843;12392;13941;15490;17039;18588;20137;21686;23235;24784;26333;27882;29431;30980
1550;3100;4650;6200;7750;9300;10850;12400;13950;15500;17050;18600;20150;21700;23250;24800;26350;27900;29450;31000
1551;3102;4653;6204;7755;9306;10857;12408;13959;15510;17061;18612;20163;21714;23265;24816;26367;27918;29469;31020
1552;3104;4656;6208;7760;9312;10864;12416;13968;15520;17072;18624;20176;21728;23280;24832;26384;27936;29488;31040
1553;3106;4659;6212;7765;9318;10871;12424;13977;15530;17083;18636;20189;21742;23295;24848;26401;27954;29507;31060
1554;3108;4662;6216;7770;9324;10878;12432;13986;15540;17094;18648;20202;21756;23310;24864;26418;27972;29526;31080
1555;3110;4665;6220;7775;9330;10885;12440;13995;15550;17105;18660;20215;21770;23325;24880;26435;27990;29545;31100
1556;3112;4668;6224;7780;9336;10892;12448;14004;15560;17116;18672;20228;21784;23340;24896;26452;28008;29564;31120
1557;3114;4671;6228;7785;9342;10899;12456;14013;15570;17127;18684;20241;21798;23355;24912;26469;28026;29583;31140
1558;3116;4674;6232;7790;9348;10906;12464;14022;15580;17138;18696;20254;21812;23370;24928;26486;28044;29602;31160
1559;3118;4677;6236;7795;9354;10913;12472;14031;15590;17149;18708;20267;21826;23385;24944;26503;28062;29621;31180
1560;3120;4680;6240;7800;9360;10920;12480;14040;15600;17160;18720;20280;21840;23400;24960;26520;28080;29640;31200
1561;3122;4683;6244;7805;9366;10927;12488;14049;15610;17171;18732;20293;21854;23415;24976;26537;28098;29659;31220
1562;3124;4686;6248;7810;9372;10934;12496;14058;15620;17182;18744;20306;21868;23430;24992;26554;28116;29678;31240
1563;3126;4689;6252;7815;9378;10941;12504;14067;15630;17193;18756;20319;21882;23445;25008;26571;28134;29697;31260
1564;3128;4692;6256;7820;9384;10948;12512;14076;15640;17204;18768;20332;21896;23460;25024;26588;28152;29716;31280
1565;3130;4695;6260;7825;9390;10955;12520;14085;15650;17215;18780;20345;21910;23475;25040;26605;28170;29735;31300
1566;3132;4698;6264;7830;9396;10962;12528;14094;15660;17226;18792;20358;21924;23490;25056;26622;28188;29754;31320
1567;3134;4701;6268;7835;9402;10969;12536;14103;15670;17237;18804;20371;21938;23505;25072;26639;28206;29773;31340
1568;3136;4704;6272;7840;9408;10976;12544;14112;15680;17248;18816;20384;21952;23520;25088;26656;28224;29792;31360
1569;3138;4707;6276;7845;9414;10983;12552;14121;15690;17259;18828;20397;21966;23535;25104;26673;28242;29811;31380
1570;3140;4710;6280;7850;9420;10990;12560;14130;15700;17270;18840;20410;21980;23550;25120;26690;28260;29830;31400
1571;3142;4713;6284;7855;9426;10997;12568;14139;15710;17281;18852;20423;21994;23565;25136;26707;28278;29849;31420
1572;3144;4716;6288;7860;9432;11004;12576;14148;15720;17292;18864;20436;22008;23580;25152;26724;28296;29868;31440
1573;3146;4719;6292;7865;9438;11011;12584;14157;15730;17303;18876;20449;22022;23595;25168;26741;28314;29887;31460
1574;3148;4722;6296;7870;9444;11018;12592;14166;15740;17314;18888;20462;22036;23610;25184;26758;28332;29906;31480
1575;3150;4725;6300;7875;9450;11025;12600;14175;15750;17325;18900;20475;22050;23625;25200;26775;28350;29925;31500
1576;3152;4728;6304;7880;9456;11032;12608;14184;15760;17336;18912;20488;22064;23640;25216;26792;28368;29944;31520
1577;3154;4731;6308;7885;9462;11039;12616;14193;15770;17347;18924;20501;22078;23655;25232;26809;28386;29963;31540
1578;3156;4734;6312;7890;9468;11046;12624;14202;15780;17358;18936;20514;22092;23670;25248;26826;28404;29982;31560
1579;3158;4737;6316;7895;9474;11053;12632;14211;15790;17369;18948;20527;22106;23685;25264;26843;28422;30001;31580
1580;3160;4740;6320;7900;9480;11060;12640;14220;15800;17380;18960;20540;22120;23700;25280;26860;28440;30020;31600
1581;3162;4743;6324;7905;9486;11067;12648;14229;15810;17391;18972;20553;22134;23715;25296;26877;28458;30039;31620
1582;3164;4746;6328;7910;9492;11074;12656;14238;15820;17402;18984;20566;22148;23730;25312;26894;28476;30058;31640
1583;3166;4749;6332;7915;9498;11081;12664;14247;15830;17413;18996;20579;22162;23745;25328;26911;28494;30077;31660
1584;3168;4752;6336;7920;9504;11088;12672;14256;15840;17424;19008;20592;22176;23760;25344;26928;28512;30096;31680
1585;3170;4755;6340;7925;9510;11095;12680;14265;15850;17435;19020;20605;22190;23775;25360;26945;28530;30115;31700
1586;3172;4758;6344;7930;9516;11102;12688;14274;15860;17446;19032;20618;22204;23790;25376;26962;28548;30134;31720
1587;3174;4761;6348;7935;9522;11109;12696;14283;15870;17457;19044;20631;22218;23805;25392;26979;28566;30153;31740
1588;3176;4764;6352;7940;9528;11116;12704;14292;15880;17468;19056;20644;22232;23820;25408;26996;28584;30172;31760
1589;3178;4767;6356;7945;9534;11123;12712;14301;15890;17479;19068;20657;22246;23835;25424;27013;28602;30191;31780
1590;3180;4770;6360;7950;9540;11130;12720;14310;15900;17490;19080;20670;22260;23850;25440;27030;28620;30210;31800
1591;3182;4773;6364;7955;9546;11137;12728;14319;15910;17501;19092;20683;22274;23865;25456;27047;28638;30229;31820
1592;3184;4776;6368;7960;9552;11144;12736;14328;15920;17512;19104;20696;22288;23880;25472;27064;28656;30248;31840
1593;3186;4779;6372;7965;9558;11151;12744;14337;15930;17523;19116;20709;22302;23895;25488;27081;28674;30267;31860
1594;3188;4782;6376;7970;9564;11158;12752;14346;15940;17534;19128;20722;22316;23910;25504;27098;28692;30286;31880
1595;3190;4785;6380;7975;9570;11165;12760;14355;15950;17545;19140;20735;22330;23925;25520;27115;28710;30305;31900
1596;3192;4788;6384;7980;9576;11172;12768;14364;15960;17556;19152;20748;22344;23940;25536;27132;28728;30324;31920
1597;3194;4791;6388;7985;9582;11179;12776;14373;15970;17567;19164;20761;22358;23955;25552;27149;28746;30343;31940
1598;3196;4794;6392;7990;9588;11186;12784;14382;15980;17578;19176;20774;22372;23970;25568;27166;28764;30362;31960
1599;3198;4797;6396;7995;9594;11193;12792;14391;15990;17589;19188;20787;22386;23985;25584;27183;28782;30381;31980
1600;3200;4800;6400;8000;9600;11200;12800;14400;16000;17600;19200;20800;22400;24000;25600;27200;28800;30400;32000
1601;3202;4803;6404;8005;9606;11207;12808;14409;16010;17611;19212;20813;22414;24015;25616;27217;28818;30419;32020
1602;3204;4806;6408;8010;9612;11214;12816;14418;16020;17622;19224;20826;22428;24030;25632;27234;28836;30438;32040
1603;3206;4809;6412;8015;9618;11221;12824;14427;16030;17633;19236;20839;22442;24045;25648;27251;28854;30457;32060
1604;3208;4812;6416;8020;9624;11228;12832;14436;16040;17644;19248;20852;22456;24060;25664;27268;28872;30476;32080
1605;3210;4815;6420;8025;9630;11235;12840;14445;16050;17655;19260;20865;22470;24075;25680;27285;28890;30495;32100
1606;3212;4818;6424;8030;9636;11242;12848;14454;16060;17666;19272;20878;22484;24090;25696;27302;28908;30514;32120
1607;3214;4821;6428;8035;9642;11249;12856;14463;16070;17677;19284;20891;22498;24105;25712;27319;28926;30533;32140
1608;3216;4824;6432;8040;9648;11256;12864;14472;16080;17688;19296;20904;22512;24120;25728;27336;28944;30552;32160
1609;3218;4827;6436;8045;9654;11263;12872;14481;16090;17699;19308;20917;22526;24135;25744;27353;28962;30571;32180
1610;3220;4830;6440;8050;9660;11270;12880;14490;16100;17710;19320;20930;22540;24150;25760;27370;28980;30590;32200
1611;3222;4833;6444;8055;9666;11277;12888;14499;16110;17721;19332;20943;22554;24165;25776;27387;28998;30609;32220
1612;3224;4836;6448;8060;9672;11284;12896;14508;16120;17732;19344;20956;22568;24180;25792;27404;29016;30628;32240
1613;3226;4839;6452;8065;9678;11291;12904;14517;16130;17743;19356;20969;22582;24195;25808;27421;29034;30647;32260
1614;3228;4842;6456;8070;9684;11298;12912;14526;16140;17754;19368;20982;22596;24210;25824;27438;29052;30666;32280
1615;3230;4845;6460;8075;9690;11305;12920;14535;16150;17765;19380;20995;22610;24225;25840;27455;29070;30685;32300
1616;3232;4848;6464;8080;9696;11312;12928;14544;16160;17776;19392;21008;22624;24240;25856;27472;29088;30704;32320
1617;3234;4851;6468;8085;9702;11319;12936;14553;16170;17787;19404;21021;22638;24255;25872;27489;29106;30723;32340
1618;3236;4854;6472;8090;9708;11326;12944;14562;16180;17798;19416;21034;22652;24270;25888;27506;29124;30742;32360
1619;3238;4857;6476;8095;9714;11333;12952;14571;16190;17809;19428;21047;22666;24285;25904;27523;29142;30761;32380
1620;3240;4860;6480;8100;9720;11340;12960;14580;16200;17820;19440;21060;22680;24300;25920;27540;29160;30780;32400
1621;3242;4863;6484;8105;9726;11347;12968;14589;16210;17831;19452;21073;22694;24315;25936;27557;29178;30799;32420
1622;3244;4866;6488;8110;9732;11354;12976;14598;16220;17842;19464;21086;22708;24330;25952;27574;29196;30818;32440
1623;3246;4869;6492;8115;9738;11361;12984;14607;16230;17853;19476;21099;22722;24345;25968;27591;29214;30837;32460
1624;3248;4872;6496;8120;9744;11368;12992;14616;16240;17864;19488;21112;22736;24360;25984;27608;29232;30856;32480
1625;3250;4875;6500;8125;9750;11375;13000;14625;16250;17875;19500;21125;22750;24375;26000;27625;29250;30875;32500
1626;3252;4878;6504;8130;9756;11382;13008;14634;16260;17886;19512;21138;22764;24390;26016;27642;29268;30894;32520
1627;3254;4881;6508;8135;9762;11389;13016;14643;16270;17897;19524;21151;22778;24405;26032;27659;29286;30913;32540
1628;3256;4884;6512;8140;9768;11396;13024;14652;16280;17908;19536;21164;22792;24420;26048;27676;29304;30932;32560
1629;3258;4887;6516;8145;9774;11403;13032;14661;16290;17919;19548;21177;22806;24435;26064;27693;29322;30951;32580
1630;3260;4890;6520;8150;9780;11410;13040;14670;16300;17930;19560;21190;22820;24450;26080;27710;29340;30970;32600
1631;3262;4893;6524;8155;9786;11417;13048;14679;16310;17941;19572;21203;22834;24465;26096;27727;29358;30989;32620
1632;3264;4896;6528;8160;9792;11424;13056;14688;16320;17952;19584;21216;22848;24480;26112;27744;29376;31008;32640
1633;3266;4899;6532;8165;9798;11431;13064;14697;16330;17963;19596;21229;22862;24495;26128;27761;29394;31027;32660
1634;3268;4902;6536;8170;9804;11438;13072;14706;16340;17974;19608;21242;22876;24510;26144;27778;29412;31046;32680
1635;3270;4905;6540;8175;9810;11445;13080;14715;16350;17985;19620;21255;22890;24525;26160;27795;29430;31065;32700
1636;3272;4908;6544;8180;9816;11452;13088;14724;16360;17996;19632;21268;22904;24540;26176;27812;29448;31084;32720
1637;3274;4911;6548;8185;9822;11459;13096;14733;16370;18007;19644;21281;22918;24555;26192;27829;29466;31103;32740
1638;3276;4914;6552;8190;9828;11466;13104;14742;16380;18018;19656;21294;22932;24570;26208;27846;29484;31122;32760
1639;3278;4917;6556;8195;9834;11473;13112;14751;16390;18029;19668;21307;22946;24585;26224;27863;29502;31141;32780
1640;3280;4920;6560;8200;9840;11480;13120;14760;16400;18040;19680;21320;22960;24600;26240;27880;29520;31160;32800
1641;3282;4923;6564;8205;9846;11487;13128;14769;16410;18051;19692;21333;22974;24615;26256;27897;29538;31179;32820
1642;3284;4926;6568;8210;9852;11494;13136;14778;16420;18062;19704;21346;22988;24630;26272;27914;29556;31198;32840
1643;3286;4929;6572;8215;9858;11501;13144;14787;16430;18073;19716;21359;23002;24645;26288;27931;29574;31217;32860
1644;3288;4932;6576;8220;9864;11508;13152;14796;16440;18084;19728;21372;23016;24660;26304;27948;29592;31236;32880
1645;3290;4935;6580;8225;9870;11515;13160;14805;16450;18095;19740;21385;23030;24675;26320;27965;29610;31255;32900
1646;3292;4938;6584;8230;9876;11522;13168;14814;16460;18106;19752;21398;23044;24690;26336;27982;29628;31274;32920
1647;3294;4941;6588;8235;9882;11529;13176;14823;16470;18117;19764;21411;23058;24705;26352;27999;29646;31293;32940
1648;3296;4944;6592;8240;9888;11536;13184;14832;16480;18128;19776;21424;23072;24720;26368;28016;29664;31312;32960
1649;3298;4947;6596;8245;9894;11543;13192;14841;16490;18139;19788;21437;23086;24735;26384;28033;29682;31331;32980
1650;3300;4950;6600;8250;9900;11550;13200;14850;16500;18150;19800;21450;23100;24750;26400;28050;29700;31350;33000
1651;3302;4953;6604;8255;9906;11557;13208;14859;16510;18161;19812;21463;23114;24765;26416;28067;29718;31369;33020
1652;3304;4956;6608;8260;9912;11564;13216;14868;16520;18172;19824;21476;23128;24780;26432;28084;29736;31388;33040
1653;3306;4959;6612;8265;9918;11571;13224;14877;16530;18183;19836;21489;23142;24795;26448;28101;29754;31407;33060
1654;3308;4962;6616;8270;9924;11578;13232;14886;16540;18194;19848;21502;23156;24810;26464;28118;29772;31426;33080
1655;3310;4965;6620;8275;9930;11585;13240;14895;16550;18205;19860;21515;23170;24825;26480;28135;29790;31445;33100
1656;3312;4968;6624;8280;9936;11592;13248;14904;16560;18216;19872;21528;23184;24840;26496;28152;29808;31464;33120
1657;3314;4971;6628;8285;9942;11599;13256;14913;16570;18227;19884;21541;23198;24855;26512;28169;29826;31483;33140
1658;3316;4974;6632;8290;9948;11606;13264;14922;16580;18238;19896;21554;23212;24870;26528;28186;29844;31502;33160
1659;3318;4977;6636;8295;9954;11613;13272;14931;16590;18249;19908;21567;23226;24885;26544;28203;29862;31521;33180
1660;3320;4980;6640;8300;9960;11620;13280;14940;16600;18260;19920;21580;23240;24900;26560;28220;29880;31540;33200
1661;3322;4983;6644;8305;9966;11627;13288;14949;16610;18271;19932;21593;23254;24915;26576;28237;29898;31559;33220
1662;3324;4986;6648;8310;9972;11634;13296;14958;16620;18282;19944;21606;23268;24930;26592;28254;29916;31578;33240
1663;3326;4989;6652;8315;9978;11641;13304;14967;16630;18293;19956;21619;23282;24945;26608;28271;29934;31597;33260
1664;3328;4992;6656;8320;9984;11648;13312;14976;16640;18304;19968;21632;23296;24960;26624;28288;29952;31616;33280
1665;3330;4995;6660;8325;9990;11655;13320;14985;16650;18315;19980;21645;23310;24975;26640;28305;29970;31635;33300
1666;3332;4998;6664;8330;9996;11662;13328;14994;16660;18326;19992;21658;23324;24990;26656;28322;29988;31654;33320
1667;3334;5001;6668;8335;10002;11669;13336;15003;16670;18337;20004;21671;23338;25005;26672;28339;30006;31673;33340
1668;3336;5004;6672;8340;10008;11676;13344;15012;16680;18348;20016;21684;23352;25020;26688;28356;30024;31692;33360
1669;3338;5007;6676;8345;10014;11683;13352;15021;16690;18359;20028;21697;23366;25035;26704;28373;30042;31711;33380
1670;3340;5010;6680;8350;10020;11690;13360;15030;16700;18370;20040;21710;23380;25050;26720;28390;30060;31730;33400
1671;3342;5013;6684;8355;10026;11697;13368;15039;16710;18381;20052;21723;23394;25065;26736;28407;30078;31749;33420
1672;3344;5016;6688;8360;10032;11704;13376;15048;16720;18392;20064;21736;23408;25080;26752;28424;30096;31768;33440
1673;3346;5019;6692;8365;10038;11711;13384;15057;16730;18403;20076;21749;23422;25095;26768;28441;30114;31787;33460
1674;3348;5022;6696;8370;10044;11718;13392;15066;16740;18414;20088;21762;23436;25110;26784;28458;30132;31806;33480
1675;3350;5025;6700;8375;10050;11725;13400;15075;16750;18425;20100;21775;23450;25125;26800;28475;30150;31825;33500
1676;3352;5028;6704;8380;10056;11732;13408;15084;16760;18436;20112;21788;23464;25140;26816;28492;30168;31844;33520
1677;3354;5031;6708;8385;10062;11739;13416;15093;16770;18447;20124;21801;23478;25155;26832;28509;30186;31863;33540
1678;3356;5034;6712;8390;10068;11746;13424;15102;16780;18458;20136;21814;23492;25170;26848;28526;30204;31882;33560
1679;3358;5037;6716;8395;10074;11753;13432;15111;16790;18469;20148;21827;23506;25185;26864;28543;30222;31901;33580
1680;3360;5040;6720;8400;10080;11760;13440;15120;16800;18480;20160;21840;23520;25200;26880;28560;30240;31920;33600
1681;3362;5043;6724;8405;10086;11767;13448;15129;16810;18491;20172;21853;23534;25215;26896;28577;30258;31939;33620
1682;3364;5046;6728;8410;10092;11774;13456;15138;16820;18502;20184;21866;23548;25230;26912;28594;30276;31958;33640
1683;3366;5049;6732;8415;10098;11781;13464;15147;16830;18513;20196;21879;23562;25245;26928;28611;30294;31977;33660
1684;3368;5052;6736;8420;10104;11788;13472;15156;16840;18524;20208;21892;23576;25260;26944;28628;30312;31996;33680
1685;3370;5055;6740;8425;10110;11795;13480;15165;16850;18535;20220;21905;23590;25275;26960;28645;30330;32015;33700
1686;3372;5058;6744;8430;10116;11802;13488;15174;16860;18546;20232;21918;23604;25290;26976;28662;30348;32034;33720
1687;3374;5061;6748;8435;10122;11809;13496;15183;16870;18557;20244;21931;23618;25305;26992;28679;30366;32053;33740
1688;3376;5064;6752;8440;10128;11816;13504;15192;16880;18568;20256;21944;23632;25320;27008;28696;30384;32072;33760
1689;3378;5067;6756;8445;10134;11823;13512;15201;16890;18579;20268;21957;23646;25335;27024;28713;30402;32091;33780
1690;3380;5070;6760;8450;10140;11830;13520;15210;16900;18590;20280;21970;23660;25350;27040;28730;30420;32110;33800
1691;3382;5073;6764;8455;10146;11837;13528;15219;16910;18601;20292;21983;23674;25365;27056;28747;30438;32129;33820
1692;3384;5076;6768;8460;10152;11844;13536;15228;16920;18612;20304;21996;23688;25380;27072;28764;30456;32148;33840
1693;3386;5079;6772;8465;10158;11851;13544;15237;16930;18623;20316;22009;23702;25395;27088;28781;30474;32167;33860
1694;3388;5082;6776;8470;10164;11858;13552;15246;16940;18634;20328;22022;23716;25410;27104;28798;30492;32186;33880
1695;3390;5085;6780;8475;10170;11865;13560;15255;16950;18645;20340;22035;23730;25425;27120;28815;30510;32205;33900
1696;3392;5088;6784;8480;10176;11872;13568;15264;16960;18656;20352;22048;23744;25440;27136;28832;30528;32224;33920
1697;3394;5091;6788;8485;10182;11879;13576;15273;16970;18667;20364;22061;23758;25455;27152;28849;30546;32243;33940
1698;3396;5094;6792;8490;10188;11886;13584;15282;16980;18678;20376;22074;23772;25470;27168;28866;30564;32262;33960
1699;3398;5097;6796;8495;10194;11893;13592;15291;16990;18689;20388;22087;23786;25485;27184;28883;30582;32281;33980
1700;3400;5100;6800;8500;10200;11900;13600;15300;17000;18700;20400;22100;23800;25500;27200;28900;30600;32300;34000
1701;3402;5103;6804;8505;10206;11907;13608;15309;17010;18711;20412;22113;23814;25515;27216;28917;30618;32319;34020
1702;3404;5106;6808;8510;10212;11914;13616;15318;17020;18722;20424;22126;23828;25530;27232;28934;30636;32338;34040
1703;3406;5109;6812;8515;10218;11921;13624;15327;17030;18733;20436;22139;23842;25545;27248;28951;30654;32357;34060
1704;3408;5112;6816;8520;10224;11928;13632;15336;17040;18744;20448;22152;23856;25560;27264;28968;30672;32376;34080
1705;3410;5115;6820;8525;10230;11935;13640;15345;17050;18755;20460;22165;23870;25575;27280;28985;30690;32395;34100
1706;3412;5118;6824;8530;10236;11942;13648;15354;17060;18766;20472;22178;23884;25590;27296;29002;30708;32414;34120
1707;3414;5121;6828;8535;10242;11949;13656;15363;17070;18777;20484;22191;23898;25605;27312;29019;30726;32433;34140
1708;3416;5124;6832;8540;10248;11956;13664;15372;17080;18788;20496;22204;23912;25620;27328;29036;30744;32452;34160
1709;3418;5127;6836;8545;10254;11963;13672;15381;17090;18799;20508;22217;23926;25635;27344;29053;30762;32471;34180
1710;3420;5130;6840;8550;10260;11970;13680;15390;17100;18810;20520;22230;23940;25650;27360;29070;30780;32490;34200
1711;3422;5133;6844;8555;10266;11977;13688;15399;17110;18821;20532;22243;23954;25665;27376;29087;30798;32509;34220
1712;3424;5136;6848;8560;10272;11984;13696;15408;17120;18832;20544;22256;23968;25680;27392;29104;30816;32528;34240
1713;3426;5139;6852;8565;10278;11991;13704;15417;17130;18843;20556;22269;23982;25695;27408;29121;30834;32547;34260
1714;3428;5142;6856;8570;10284;11998;13712;15426;17140;18854;20568;22282;23996;25710;27424;29138;30852;32566;34280
1715;3430;5145;6860;8575;10290;12005;13720;15435;17150;18865;20580;22295;24010;25725;27440;29155;30870;32585;34300
1716;3432;5148;6864;8580;10296;12012;13728;15444;17160;18876;20592;22308;24024;25740;27456;29172;30888;32604;34320
1717;3434;5151;6868;8585;10302;12019;13736;15453;17170;18887;20604;22321;24038;25755;27472;29189;30906;32623;34340
1718;3436;5154;6872;8590;10308;12026;13744;15462;17180;18898;20616;22334;24052;25770;27488;29206;30924;32642;34360
1719;3438;5157;6876;8595;10314;12033;13752;15471;17190;18909;20628;22347;24066;25785;27504;29223;30942;32661;34380
1720;3440;5160;6880;8600;10320;12040;13760;15480;17200;18920;20640;22360;24080;25800;27520;29240;30960;32680;34400
1721;3442;5163;6884;8605;10326;12047;13768;15489;17210;18931;20652;22373;24094;25815;27536;29257;30978;32699;34420
1722;3444;5166;6888;8610;10332;12054;13776;15498;17220;18942;20664;22386;24108;25830;27552;29274;30996;32718;34440
1723;3446;5169;6892;8615;10338;12061;13784;15507;17230;18953;20676;22399;24122;25845;27568;29291;31014;32737;34460
1724;3448;5172;6896;8620;10344;12068;13792;15516;17240;18964;20688;22412;24136;25860;27584;29308;31032;32756;34480
1725;3450;5175;6900;8625;10350;12075;13800;15525;17250;18975;20700;22425;24150;25875;27600;29325;31050;32775;34500
1726;3452;5178;6904;8630;10356;12082;13808;15534;17260;18986;20712;22438;24164;25890;27616;29342;31068;32794;34520
1727;3454;5181;6908;8635;10362;12089;13816;15543;17270;18997;20724;22451;24178;25905;27632;29359;31086;32813;34540
1728;3456;5184;6912;8640;10368;12096;13824;15552;17280;19008;20736;22464;24192;25920;27648;29376;31104;32832;34560
1729;3458;5187;6916;8645;10374;12103;13832;15561;17290;19019;20748;22477;24206;25935;27664;29393;31122;32851;34580
1730;3460;5190;6920;8650;10380;12110;13840;15570;17300;19030;20760;22490;24220;25950;27680;29410;31140;32870;34600
1731;3462;5193;6924;8655;10386;12117;13848;15579;17310;19041;20772;22503;24234;25965;27696;29427;31158;32889;34620
1732;3464;5196;6928;8660;10392;12124;13856;15588;17320;19052;20784;22516;24248;25980;27712;29444;31176;32908;34640
1733;3466;5199;6932;8665;10398;12131;13864;15597;17330;19063;20796;22529;24262;25995;27728;29461;31194;32927;34660
1734;3468;5202;6936;8670;10404;12138;13872;15606;17340;19074;20808;22542;24276;26010;27744;29478;31212;32946;34680
1735;3470;5205;6940;8675;10410;12145;13880;15615;17350;19085;20820;22555;24290;26025;27760;29495;31230;32965;34700
1736;3472;5208;6944;8680;10416;12152;13888;15624;17360;19096;20832;22568;24304;26040;27776;29512;31248;32984;34720
1737;3474;5211;6948;8685;10422;12159;13896;15633;17370;19107;20844;22581;24318;26055;27792;29529;31266;33003;34740
1738;3476;5214;6952;8690;10428;12166;13904;15642;17380;19118;20856;22594;24332;26070;27808;29546;31284;33022;34760
1739;3478;5217;6956;8695;10434;12173;13912;15651;17390;19129;20868;22607;24346;26085;27824;29563;31302;33041;34780
1740;3480;5220;6960;8700;10440;12180;13920;15660;17400;19140;20880;22620;24360;26100;27840;29580;31320;33060;34800
1741;3482;5223;6964;8705;10446;12187;13928;15669;17410;19151;20892;22633;24374;26115;27856;29597;31338;33079;34820
1742;3484;5226;6968;8710;10452;12194;13936;15678;17420;19162;20904;22646;24388;26130;27872;29614;31356;33098;34840
1743;3486;5229;6972;8715;10458;12201;13944;15687;17430;19173;20916;22659;24402;26145;27888;29631;31374;33117;34860
1744;3488;5232;6976;8720;10464;12208;13952;15696;17440;19184;20928;22672;24416;26160;27904;29648;31392;33136;34880
1745;3490;5235;6980;8725;10470;12215;13960;15705;17450;19195;20940;22685;24430;26175;27920;29665;31410;33155;34900
1746;3492;5238;6984;8730;10476;12222;13968;15714;17460;19206;20952;22698;24444;26190;27936;29682;31428;33174;34920
1747;3494;5241;6988;8735;10482;12229;13976;15723;17470;19217;20964;22711;24458;26205;27952;29699;31446;33193;34940
1748;3496;5244;6992;8740;10488;12236;13984;15732;17480;19228;20976;22724;24472;26220;27968;29716;31464;33212;34960
1749;3498;5247;6996;8745;10494;12243;13992;15741;17490;19239;20988;22737;24486;26235;27984;29733;31482;33231;34980
1750;3500;5250;7000;8750;10500;12250;14000;15750;17500;19250;21000;22750;24500;26250;28000;29750;31500;33250;35000
1751;3502;5253;7004;8755;10506;12257;14008;15759;17510;19261;21012;22763;24514;26265;28016;29767;31518;33269;35020
1752;3504;5256;7008;8760;10512;12264;14016;15768;17520;19272;21024;22776;24528;26280;28032;29784;31536;33288;35040
1753;3506;5259;7012;8765;10518;12271;14024;15777;17530;19283;21036;22789;24542;26295;28048;29801;31554;33307;35060
1754;3508;5262;7016;8770;10524;12278;14032;15786;17540;19294;21048;22802;24556;26310;28064;29818;31572;33326;35080
1755;3510;5265;7020;8775;10530;12285;14040;15795;17550;19305;21060;22815;24570;26325;28080;29835;31590;33345;35100
1756;3512;5268;7024;8780;10536;12292;14048;15804;17560;19316;21072;22828;24584;26340;28096;29852;31608;33364;35120
1757;3514;5271;7028;8785;10542;12299;14056;15813;17570;19327;21084;22841;24598;26355;28112;29869;31626;33383;35140
1758;3516;5274;7032;8790;10548;12306;14064;15822;17580;19338;21096;22854;24612;26370;28128;29886;31644;33402;35160
1759;3518;5277;7036;8795;10554;12313;14072;15831;17590;19349;21108;22867;24626;26385;28144;29903;31662;33421;35180
1760;3520;5280;7040;8800;10560;12320;14080;15840;17600;19360;21120;22880;24640;26400;28160;29920;31680;33440;35200
1761;3522;5283;7044;8805;10566;12327;14088;15849;17610;19371;21132;22893;24654;26415;28176;29937;31698;33459;35220
1762;3524;5286;7048;8810;10572;12334;14096;15858;17620;19382;21144;22906;24668;26430;28192;29954;31716;33478;35240
1763;3526;5289;7052;8815;10578;12341;14104;15867;17630;19393;21156;22919;24682;26445;28208;29971;31734;33497;35260
1764;3528;5292;7056;8820;10584;12348;14112;15876;17640;19404;21168;22932;24696;26460;28224;29988;31752;33516;35280
1765;3530;5295;7060;8825;10590;12355;14120;15885;17650;19415;21180;22945;24710;26475;28240;30005;31770;33535;35300
1766;3532;5298;7064;8830;10596;12362;14128;15894;17660;19426;21192;22958;24724;26490;28256;30022;31788;33554;35320
1767;3534;5301;7068;8835;10602;12369;14136;15903;17670;19437;21204;22971;24738;26505;28272;30039;31806;33573;35340
1768;3536;5304;7072;8840;10608;12376;14144;15912;17680;19448;21216;22984;24752;26520;28288;30056;31824;33592;35360
1769;3538;5307;7076;8845;10614;12383;14152;15921;17690;19459;21228;22997;24766;26535;28304;30073;31842;33611;35380
1770;3540;5310;7080;8850;10620;12390;14160;15930;17700;19470;21240;23010;24780;26550;28320;30090;31860;33630;35400
1771;3542;5313;7084;8855;10626;12397;14168;15939;17710;19481;21252;23023;24794;26565;28336;30107;31878;33649;35420
1772;3544;5316;7088;8860;10632;12404;14176;15948;17720;19492;21264;23036;24808;26580;28352;30124;31896;33668;35440
1773;3546;5319;7092;8865;10638;12411;14184;15957;17730;19503;21276;23049;24822;26595;28368;30141;31914;33687;35460
1774;3548;5322;7096;8870;10644;12418;14192;15966;17740;19514;21288;23062;24836;26610;28384;30158;31932;33706;35480
1775;3550;5325;7100;8875;10650;12425;14200;15975;17750;19525;21300;23075;24850;26625;28400;30175;31950;33725;35500
1776;3552;5328;7104;8880;10656;12432;14208;15984;17760;19536;21312;23088;24864;26640;28416;30192;31968;33744;35520
1777;3554;5331;7108;8885;10662;12439;14216;15993;17770;19547;21324;23101;24878;26655;28432;30209;31986;33763;35540
1778;3556;5334;7112;8890;10668;12446;14224;16002;17780;19558;21336;23114;24892;26670;28448;30226;32004;33782;35560
1779;3558;5337;7116;8895;10674;12453;14232;16011;17790;19569;21348;23127;24906;26685;28464;30243;32022;33801;35580
1780;3560;5340;7120;8900;10680;12460;14240;16020;17800;19580;21360;23140;24920;26700;28480;30260;32040;33820;35600
1781;3562;5343;7124;8905;10686;12467;14248;16029;17810;19591;21372;23153;24934;26715;28496;30277;32058;33839;35620
1782;3564;5346;7128;8910;10692;12474;14256;16038;17820;19602;21384;23166;24948;26730;28512;30294;32076;33858;35640
1783;3566;5349;7132;8915;10698;12481;14264;16047;17830;19613;21396;23179;24962;26745;28528;30311;32094;33877;35660
1784;3568;5352;7136;8920;10704;12488;14272;16056;17840;19624;21408;23192;24976;26760;28544;30328;32112;33896;35680
1785;3570;5355;7140;8925;10710;12495;14280;16065;17850;19635;21420;23205;24990;26775;28560;30345;32130;33915;35700
1786;3572;5358;7144;8930;10716;12502;14288;16074;17860;19646;21432;23218;25004;26790;28576;30362;32148;33934;35720
1787;3574;5361;7148;8935;10722;12509;14296;16083;17870;19657;21444;23231;25018;26805;28592;30379;32166;33953;35740
1788;3576;5364;7152;8940;10728;12516;14304;16092;17880;19668;21456;23244;25032;26820;28608;30396;32184;33972;35760
1789;3578;5367;7156;8945;10734;12523;14312;16101;17890;19679;21468;23257;25046;26835;28624;30413;32202;33991;35780
1790;3580;5370;7160;8950;10740;12530;14320;16110;17900;19690;21480;23270;25060;26850;28640;30430;32220;34010;35800
1791;3582;5373;7164;8955;10746;12537;14328;16119;17910;19701;21492;23283;25074;26865;28656;30447;32238;34029;35820
1792;3584;5376;7168;8960;10752;12544;14336;16128;17920;19712;21504;23296;25088;26880;28672;30464;32256;34048;35840
1793;3586;5379;7172;8965;10758;12551;14344;16137;17930;19723;21516;23309;25102;26895;28688;30481;32274;34067;35860
1794;3588;5382;7176;8970;10764;12558;14352;16146;17940;19734;21528;23322;25116;26910;28704;30498;32292;34086;35880
1795;3590;5385;7180;8975;10770;12565;14360;16155;17950;19745;21540;23335;25130;26925;28720;30515;32310;34105;35900
1796;3592;5388;7184;8980;10776;12572;14368;16164;17960;19756;21552;23348;25144;26940;28736;30532;32328;34124;35920
1797;3594;5391;7188;8985;10782;12579;14376;16173;17970;19767;21564;23361;25158;26955;28752;30549;32346;34143;35940
1798;3596;5394;7192;8990;10788;12586;14384;16182;17980;19778;21576;23374;25172;26970;28768;30566;32364;34162;35960
1799;3598;5397;7196;8995;10794;12593;14392;16191;17990;19789;21588;23387;25186;26985;28784;30583;32382;34181;35980
1800;3600;5400;7200;9000;10800;12600;14400;16200;18000;19800;21600;23400;25200;27000;28800;30600;32400;34200;36000
1801;3602;5403;7204;9005;10806;12607;14408;16209;18010;19811;21612;23413;25214;27015;28816;30617;32418;34219;36020
1802;3604;5406;7208;9010;10812;12614;14416;16218;18020;19822;21624;23426;25228;27030;28832;30634;32436;34238;36040
1803;3606;5409;7212;9015;10818;12621;14424;16227;18030;19833;21636;23439;25242;27045;28848;30651;32454;34257;36060
1804;3608;5412;7216;9020;10824;12628;14432;16236;18040;19844;21648;23452;25256;27060;28864;30668;32472;34276;36080
1805;3610;5415;7220;9025;10830;12635;14440;16245;18050;19855;21660;23465;25270;27075;28880;30685;32490;34295;36100
1806;3612;5418;7224;9030;10836;12642;14448;16254;18060;19866;21672;23478;25284;27090;28896;30702;32508;34314;36120
1807;3614;5421;7228;9035;10842;12649;14456;16263;18070;19877;21684;23491;25298;27105;28912;30719;32526;34333;36140
1808;3616;5424;7232;9040;10848;12656;14464;16272;18080;19888;21696;23504;25312;27120;28928;30736;32544;34352;36160
1809;3618;5427;7236;9045;10854;12663;14472;16281;18090;19899;21708;23517;25326;27135;28944;30753;32562;34371;36180
1810;3620;5430;7240;9050;10860;12670;14480;16290;18100;19910;21720;23530;25340;27150;28960;30770;32580;34390;36200
1811;3622;5433;7244;9055;10866;12677;14488;16299;18110;19921;21732;23543;25354;27165;28976;30787;32598;34409;36220
1812;3624;5436;7248;9060;10872;12684;14496;16308;18120;19932;21744;23556;25368;27180;28992;30804;32616;34428;36240
1813;3626;5439;7252;9065;10878;12691;14504;16317;18130;19943;21756;23569;25382;27195;29008;30821;32634;34447;36260
1814;3628;5442;7256;9070;10884;12698;14512;16326;18140;19954;21768;23582;25396;27210;29024;30838;32652;34466;36280
1815;3630;5445;7260;9075;10890;12705;14520;16335;18150;19965;21780;23595;25410;27225;29040;30855;32670;34485;36300
1816;3632;5448;7264;9080;10896;12712;14528;16344;18160;19976;21792;23608;25424;27240;29056;30872;32688;34504;36320
1817;3634;5451;7268;9085;10902;12719;14536;16353;18170;19987;21804;23621;25438;27255;29072;30889;32706;34523;36340
1818;3636;5454;7272;9090;10908;12726;14544;16362;18180;19998;21816;23634;25452;27270;29088;30906;32724;34542;36360
1819;3638;5457;7276;9095;10914;12733;14552;16371;18190;20009;21828;23647;25466;27285;29104;30923;32742;34561;36380
1820;3640;5460;7280;9100;10920;12740;14560;16380;18200;20020;21840;23660;25480;27300;29120;30940;32760;34580;36400
1821;3642;5463;7284;9105;10926;12747;14568;16389;18210;20031;21852;23673;25494;27315;29136;30957;32778;34599;36420
1822;3644;5466;7288;9110;10932;12754;14576;16398;18220;20042;21864;23686;25508;27330;29152;30974;32796;34618;36440
1823;3646;5469;7292;9115;10938;12761;14584;16407;18230;20053;21876;23699;25522;27345;29168;30991;32814;34637;36460
1824;3648;5472;7296;9120;10944;12768;14592;16416;18240;20064;21888;23712;25536;27360;29184;31008;32832;34656;36480
1825;3650;5475;7300;9125;10950;12775;14600;16425;18250;20075;21900;23725;25550;27375;29200;31025;32850;34675;36500
1826;3652;5478;7304;9130;10956;12782;14608;16434;18260;20086;21912;23738;25564;27390;29216;31042;32868;34694;36520
1827;3654;5481;7308;9135;10962;12789;14616;16443;18270;20097;21924;23751;25578;27405;29232;31059;32886;34713;36540
1828;3656;5484;7312;9140;10968;12796;14624;16452;18280;20108;21936;23764;25592;27420;29248;31076;32904;34732;36560
1829;3658;5487;7316;9145;10974;12803;14632;16461;18290;20119;21948;23777;25606;27435;29264;31093;32922;34751;36580
1830;3660;5490;7320;9150;10980;12810;14640;16470;18300;20130;21960;23790;25620;27450;29280;31110;32940;34770;36600
1831;3662;5493;7324;9155;10986;12817;14648;16479;18310;20141;21972;23803;25634;27465;29296;31127;32958;34789;36620
1832;3664;5496;7328;9160;10992;12824;14656;16488;18320;20152;21984;23816;25648;27480;29312;31144;32976;34808;36640
1833;3666;5499;7332;9165;10998;12831;14664;16497;18330;20163;21996;23829;25662;27495;29328;31161;32994;34827;36660
1834;3668;5502;7336;9170;11004;12838;14672;16506;18340;20174;22008;23842;25676;27510;29344;31178;33012;34846;36680
1835;3670;5505;7340;9175;11010;12845;14680;16515;18350;20185;22020;23855;25690;27525;29360;31195;33030;34865;36700
1836;3672;5508;7344;9180;11016;12852;14688;16524;18360;20196;22032;23868;25704;27540;29376;31212;33048;34884;36720
1837;3674;5511;7348;9185;11022;12859;14696;16533;18370;20207;22044;23881;25718;27555;29392;31229;33066;34903;36740
1838;3676;5514;7352;9190;11028;12866;14704;16542;18380;20218;22056;23894;25732;27570;29408;31246;33084;34922;36760
1839;3678;5517;7356;9195;11034;12873;14712;16551;18390;20229;22068;23907;25746;27585;29424;31263;33102;34941;36780
1840;3680;5520;7360;9200;11040;12880;14720;16560;18400;20240;22080;23920;25760;27600;29440;31280;33120;34960;36800
1841;3682;5523;7364;9205;11046;12887;14728;16569;18410;20251;22092;23933;25774;27615;29456;31297;33138;34979;36820
1842;3684;5526;7368;9210;11052;12894;14736;16578;18420;20262;22104;23946;25788;27630;29472;31314;33156;34998;36840
1843;3686;5529;7372;9215;11058;12901;14744;16587;18430;20273;22116;23959;25802;27645;29488;31331;33174;35017;36860
1844;3688;5532;7376;9220;11064;12908;14752;16596;18440;20284;22128;23972;25816;27660;29504;31348;33192;35036;36880
1845;3690;5535;7380;9225;11070;12915;14760;16605;18450;20295;22140;23985;25830;27675;29520;31365;33210;35055;36900
1846;3692;5538;7384;9230;11076;12922;14768;16614;18460;20306;22152;23998;25844;27690;29536;31382;33228;35074;36920
1847;3694;5541;7388;9235;11082;12929;14776;16623;18470;20317;22164;24011;25858;27705;29552;31399;33246;35093;36940
1848;3696;5544;7392;9240;11088;12936;14784;16632;18480;20328;22176;24024;25872;27720;29568;31416;33264;35112;36960
1849;3698;5547;7396;9245;11094;12943;14792;16641;18490;20339;22188;24037;25886;27735;29584;31433;33282;35131;36980
1850;3700;5550;7400;9250;11100;12950;14800;16650;18500;20350;22200;24050;25900;27750;29600;31450;33300;35150;37000
1851;3702;5553;7404;9255;11106;12957;14808;16659;18510;20361;22212;24063;25914;27765;29616;31467;33318;35169;37020
1852;3704;5556;7408;9260;11112;12964;14816;16668;18520;20372;22224;24076;25928;27780;29632;31484;33336;35188;37040
1853;3706;5559;7412;9265;11118;12971;14824;16677;18530;20383;22236;24089;25942;27795;29648;31501;33354;35207;37060
1854;3708;5562;7416;9270;11124;12978;14832;16686;18540;20394;22248;24102;25956;27810;29664;31518;33372;35226;37080
1855;3710;5565;7420;9275;11130;12985;14840;16695;18550;20405;22260;24115;25970;27825;29680;31535;33390;35245;37100
1856;3712;5568;7424;9280;11136;12992;14848;16704;18560;20416;22272;24128;25984;27840;29696;31552;33408;35264;37120
1857;3714;5571;7428;9285;11142;12999;14856;16713;18570;20427;22284;24141;25998;27855;29712;31569;33426;35283;37140
1858;3716;5574;7432;9290;11148;13006;14864;16722;18580;20438;22296;24154;26012;27870;29728;31586;33444;35302;37160
1859;3718;5577;7436;9295;11154;13013;14872;16731;18590;20449;22308;24167;26026;27885;29744;31603;33462;35321;37180
1860;3720;5580;7440;9300;11160;13020;14880;16740;18600;20460;22320;24180;26040;27900;29760;31620;33480;35340;37200
1861;3722;5583;7444;9305;11166;13027;14888;16749;18610;20471;22332;24193;26054;27915;29776;31637;33498;35359;37220
1862;3724;5586;7448;9310;11172;13034;14896;16758;18620;20482;22344;24206;26068;27930;29792;31654;33516;35378;37240
1863;3726;5589;7452;9315;11178;13041;14904;16767;18630;20493;22356;24219;26082;27945;29808;31671;33534;35397;37260
1864;3728;5592;7456;9320;11184;13048;14912;16776;18640;20504;22368;24232;26096;27960;29824;31688;33552;35416;37280
1865;3730;5595;7460;9325;11190;13055;14920;16785;18650;20515;22380;24245;26110;27975;29840;31705;33570;35435;37300
1866;3732;5598;7464;9330;11196;13062;14928;16794;18660;20526;22392;24258;26124;27990;29856;31722;33588;35454;37320
1867;3734;5601;7468;9335;11202;13069;14936;16803;18670;20537;22404;24271;26138;28005;29872;31739;33606;35473;37340
1868;3736;5604;7472;9340;11208;13076;14944;16812;18680;20548;22416;24284;26152;28020;29888;31756;33624;35492;37360
1869;3738;5607;7476;9345;11214;13083;14952;16821;18690;20559;22428;24297;26166;28035;29904;31773;33642;35511;37380
1870;3740;5610;7480;9350;11220;13090;14960;16830;18700;20570;22440;24310;26180;28050;29920;31790;33660;35530;37400
1871;3742;5613;7484;9355;11226;13097;14968;16839;18710;20581;22452;24323;26194;28065;29936;31807;33678;35549;37420
1872;3744;5616;7488;9360;11232;13104;14976;16848;18720;20592;22464;24336;26208;28080;29952;31824;33696;35568;37440
1873;3746;5619;7492;9365;11238;13111;14984;16857;18730;20603;22476;24349;26222;28095;29968;31841;33714;35587;37460
1874;3748;5622;7496;9370;11244;13118;14992;16866;18740;20614;22488;24362;26236;28110;29984;31858;33732;35606;37480
1875;3750;5625;7500;9375;11250;13125;15000;16875;18750;20625;22500;24375;26250;28125;30000;31875;33750;35625;37500
1876;3752;5628;7504;9380;11256;13132;15008;16884;18760;20636;22512;24388;26264;28140;30016;31892;33768;35644;37520
1877;3754;5631;7508;9385;11262;13139;15016;16893;18770;20647;22524;24401;26278;28155;30032;31909;33786;35663;37540
1878;3756;5634;7512;9390;11268;13146;15024;16902;18780;20658;22536;24414;26292;28170;30048;31926;33804;35682;37560
1879;3758;5637;7516;9395;11274;13153;15032;16911;18790;20669;22548;24427;26306;28185;30064;31943;33822;35701;37580
1880;3760;5640;7520;9400;11280;13160;15040;16920;18800;20680;22560;24440;26320;28200;30080;31960;33840;35720;37600
1881;3762;5643;7524;9405;11286;13167;15048;16929;18810;20691;22572;24453;26334;28215;30096;31977;33858;35739;37620
1882;3764;5646;7528;9410;11292;13174;15056;16938;18820;20702;22584;24466;26348;28230;30112;31994;33876;35758;37640
1883;3766;5649;7532;9415;11298;13181;15064;16947;18830;20713;22596;24479;26362;28245;30128;32011;33894;35777;37660
1884;3768;5652;7536;9420;11304;13188;15072;16956;18840;20724;22608;24492;26376;28260;30144;32028;33912;35796;37680
1885;3770;5655;7540;9425;11310;13195;15080;16965;18850;20735;22620;24505;26390;28275;30160;32045;33930;35815;37700
1886;3772;5658;7544;9430;11316;13202;15088;16974;18860;20746;22632;24518;26404;28290;30176;32062;33948;35834;37720
1887;3774;5661;7548;9435;11322;13209;15096;16983;18870;20757;22644;24531;26418;28305;30192;32079;33966;35853;37740
1888;3776;5664;7552;9440;11328;13216;15104;16992;18880;20768;22656;24544;26432;28320;30208;32096;33984;35872;37760
1889;3778;5667;7556;9445;11334;13223;15112;17001;18890;20779;22668;24557;26446;28335;30224;32113;34002;35891;37780
1890;3780;5670;7560;9450;11340;13230;15120;17010;18900;20790;22680;24570;26460;28350;30240;32130;34020;35910;37800
1891;3782;5673;7564;9455;11346;13237;15128;17019;18910;20801;22692;24583;26474;28365;30256;32147;34038;35929;37820
1892;3784;5676;7568;9460;11352;13244;15136;17028;18920;20812;22704;24596;26488;28380;30272;32164;34056;35948;37840
1893;3786;5679;7572;9465;11358;13251;15144;17037;18930;20823;22716;24609;26502;28395;30288;32181;34074;35967;37860
1894;3788;5682;7576;9470;11364;13258;15152;17046;18940;20834;22728;24622;26516;28410;30304;32198;34092;35986;37880
1895;3790;5685;7580;9475;11370;13265;15160;17055;18950;20845;22740;24635;26530;28425;30320;32215;34110;36005;37900
1896;3792;5688;7584;9480;11376;13272;15168;17064;18960;20856;22752;24648;26544;28440;30336;32232;34128;36024;37920
1897;3794;5691;7588;9485;11382;13279;15176;17073;18970;20867;22764;24661;26558;28455;30352;32249;34146;36043;37940
1898;3796;5694;7592;9490;11388;13286;15184;17082;18980;20878;22776;24674;26572;28470;30368;32266;34164;36062;37960
1899;3798;5697;7596;9495;11394;13293;15192;17091;18990;20889;22788;24687;26586;28485;30384;32283;34182;36081;37980
1900;3800;5700;7600;9500;11400;13300;15200;17100;19000;20900;22800;24700;26600;28500;30400;32300;34200;36100;38000
1901;3802;5703;7604;9505;11406;13307;15208;17109;19010;20911;22812;24713;26614;28515;30416;32317;34218;36119;38020
1902;3804;5706;7608;9510;11412;13314;15216;17118;19020;20922;22824;24726;26628;28530;30432;32334;34236;36138;38040
1903;3806;5709;7612;9515;11418;13321;15224;17127;19030;20933;22836;24739;26642;28545;30448;32351;34254;36157;38060
1904;3808;5712;7616;9520;11424;13328;15232;17136;19040;20944;22848;24752;26656;28560;30464;32368;34272;36176;38080
1905;3810;5715;7620;9525;11430;13335;15240;17145;19050;20955;22860;24765;26670;28575;30480;32385;34290;36195;38100
1906;3812;5718;7624;9530;11436;13342;15248;17154;19060;20966;22872;24778;26684;28590;30496;32402;34308;36214;38120
1907;3814;5721;7628;9535;11442;13349;15256;17163;19070;20977;22884;24791;26698;28605;30512;32419;34326;36233;38140
1908;3816;5724;7632;9540;11448;13356;15264;17172;19080;20988;22896;24804;26712;28620;30528;32436;34344;36252;38160
1909;3818;5727;7636;9545;11454;13363;15272;17181;19090;20999;22908;24817;26726;28635;30544;32453;34362;36271;38180
1910;3820;5730;7640;9550;11460;13370;15280;17190;19100;21010;22920;24830;26740;28650;30560;32470;34380;36290;38200
1911;3822;5733;7644;9555;11466;13377;15288;17199;19110;21021;22932;24843;26754;28665;30576;32487;34398;36309;38220
1912;3824;5736;7648;9560;11472;13384;15296;17208;19120;21032;22944;24856;26768;28680;30592;32504;34416;36328;38240
1913;3826;5739;7652;9565;11478;13391;15304;17217;19130;21043;22956;24869;26782;28695;30608;32521;34434;36347;38260
1914;3828;5742;7656;9570;11484;13398;15312;17226;19140;21054;22968;24882;26796;28710;30624;32538;34452;36366;38280
1915;3830;5745;7660;9575;11490;13405;15320;17235;19150;21065;22980;24895;26810;28725;30640;32555;34470;36385;38300
1916;3832;5748;7664;9580;11496;13412;15328;17244;19160;21076;22992;24908;26824;28740;30656;32572;34488;36404;38320
1917;3834;5751;7668;9585;11502;13419;15336;17253;19170;21087;23004;24921;26838;28755;30672;32589;34506;36423;38340
1918;3836;5754;7672;9590;11508;13426;15344;17262;19180;21098;23016;24934;26852;28770;30688;32606;34524;36442;38360
1919;3838;5757;7676;9595;11514;13433;15352;17271;19190;21109;23028;24947;26866;28785;30704;32623;34542;36461;38380
1920;3840;5760;7680;9600;11520;13440;15360;17280;19200;21120;23040;24960;26880;28800;30720;32640;34560;36480;38400
1921;3842;5763;7684;9605;11526;13447;15368;17289;19210;21131;23052;24973;26894;28815;30736;32657;34578;36499;38420
1922;3844;5766;7688;9610;11532;13454;15376;17298;19220;21142;23064;24986;26908;28830;30752;32674;34596;36518;38440
1923;3846;5769;7692;9615;11538;13461;15384;17307;19230;21153;23076;24999;26922;28845;30768;32691;34614;36537;38460
1924;3848;5772;7696;9620;11544;13468;15392;17316;19240;21164;23088;25012;26936;28860;30784;32708;34632;36556;38480
1925;3850;5775;7700;9625;11550;13475;15400;17325;19250;21175;23100;25025;26950;28875;30800;32725;34650;36575;38500
1926;3852;5778;7704;9630;11556;13482;15408;17334;19260;21186;23112;25038;26964;28890;30816;32742;34668;36594;38520
1927;3854;5781;7708;9635;11562;13489;15416;17343;19270;21197;23124;25051;26978;28905;30832;32759;34686;36613;38540
1928;3856;5784;7712;9640;11568;13496;15424;17352;19280;21208;23136;25064;26992;28920;30848;32776;34704;36632;38560
1929;3858;5787;7716;9645;11574;13503;15432;17361;19290;21219;23148;25077;27006;28935;30864;32793;34722;36651;38580
1930;3860;5790;7720;9650;11580;13510;15440;17370;19300;21230;23160;25090;27020;28950;30880;32810;34740;36670;38600
1931;3862;5793;7724;9655;11586;13517;15448;17379;19310;21241;23172;25103;27034;28965;30896;32827;34758;36689;38620
1932;3864;5796;7728;9660;11592;13524;15456;17388;19320;21252;23184;25116;27048;28980;30912;32844;34776;36708;38640
1933;3866;5799;7732;9665;11598;13531;15464;17397;19330;21263;23196;25129;27062;28995;30928;32861;34794;36727;38660
1934;3868;5802;7736;9670;11604;13538;15472;17406;19340;21274;23208;25142;27076;29010;30944;32878;34812;36746;38680
1935;3870;5805;7740;9675;11610;13545;15480;17415;19350;21285;23220;25155;27090;29025;30960;32895;34830;36765;38700
1936;3872;5808;7744;9680;11616;13552;15488;17424;19360;21296;23232;25168;27104;29040;30976;32912;34848;36784;38720
1937;3874;5811;7748;9685;11622;13559;15496;17433;19370;21307;23244;25181;27118;29055;30992;32929;34866;36803;38740
1938;3876;5814;7752;9690;11628;13566;15504;17442;19380;21318;23256;25194;27132;29070;31008;32946;34884;36822;38760
1939;3878;5817;7756;9695;11634;13573;15512;17451;19390;21329;23268;25207;27146;29085;31024;32963;34902;36841;38780
1940;3880;5820;7760;9700;11640;13580;15520;17460;19400;21340;23280;25220;27160;29100;31040;32980;34920;36860;38800
1941;3882;5823;7764;9705;11646;13587;15528;17469;19410;21351;23292;25233;27174;29115;31056;32997;34938;36879;38820
1942;3884;5826;7768;9710;11652;13594;15536;17478;19420;21362;23304;25246;27188;29130;31072;33014;34956;36898;38840
1943;3886;5829;7772;9715;11658;13601;15544;17487;19430;21373;23316;25259;27202;29145;31088;33031;34974;36917;38860
1944;3888;5832;7776;9720;11664;13608;15552;17496;19440;21384;23328;25272;27216;29160;31104;33048;34992;36936;38880
1945;3890;5835;7780;9725;11670;13615;15560;17505;19450;21395;23340;25285;27230;29175;31120;33065;35010;36955;38900
1946;3892;5838;7784;9730;11676;13622;15568;17514;19460;21406;23352;25298;27244;29190;31136;33082;35028;36974;38920
1947;3894;5841;7788;9735;11682;13629;15576;17523;19470;21417;23364;25311;27258;29205;31152;33099;35046;36993;38940
1948;3896;5844;7792;9740;11688;13636;15584;17532;19480;21428;23376;25324;27272;29220;31168;33116;35064;37012;38960
1949;3898;5847;7796;9745;11694;13643;15592;17541;19490;21439;23388;25337;27286;29235;31184;33133;35082;37031;38980
1950;3900;5850;7800;9750;11700;13650;15600;17550;19500;21450;23400;25350;27300;29250;31200;33150;35100;37050;39000
1951;3902;5853;7804;9755;11706;13657;15608;17559;19510;21461;23412;25363;27314;29265;31216;33167;35118;37069;39020
1952;3904;5856;7808;9760;11712;13664;15616;17568;19520;21472;23424;25376;27328;29280;31232;33184;35136;37088;39040
1953;3906;5859;7812;9765;11718;13671;15624;17577;19530;21483;23436;25389;27342;29295;31248;33201;35154;37107;39060
1954;3908;5862;7816;9770;11724;13678;15632;17586;19540;21494;23448;25402;27356;29310;31264;33218;35172;37126;39080
1955;3910;5865;7820;9775;11730;13685;15640;17595;19550;21505;23460;25415;27370;29325;31280;33235;35190;37145;39100
1956;3912;5868;7824;9780;11736;13692;15648;17604;19560;21516;23472;25428;27384;29340;31296;33252;35208;37164;39120
1957;3914;5871;7828;9785;11742;13699;15656;17613;19570;21527;23484;25441;27398;29355;31312;33269;35226;37183;39140
1958;3916;5874;7832;9790;11748;13706;15664;17622;19580;21538;23496;25454;27412;29370;31328;33286;35244;37202;39160
1959;3918;5877;7836;9795;11754;13713;15672;17631;19590;21549;23508;25467;27426;29385;31344;33303;35262;37221;39180
1960;3920;5880;7840;9800;11760;13720;15680;17640;19600;21560;23520;25480;27440;29400;31360;33320;35280;37240;39200
1961;3922;5883;7844;9805;11766;13727;15688;17649;19610;21571;23532;25493;27454;29415;31376;33337;35298;37259;39220
1962;3924;5886;7848;9810;11772;13734;15696;17658;19620;21582;23544;25506;27468;29430;31392;33354;35316;37278;39240
1963;3926;5889;7852;9815;11778;13741;15704;17667;19630;21593;23556;25519;27482;29445;31408;33371;35334;37297;39260
1964;3928;5892;7856;9820;11784;13748;15712;17676;19640;21604;23568;25532;27496;29460;31424;33388;35352;37316;39280
1965;3930;5895;7860;9825;11790;13755;15720;17685;19650;21615;23580;25545;27510;29475;31440;33405;35370;37335;39300
1966;3932;5898;7864;9830;11796;13762;15728;17694;19660;21626;23592;25558;27524;29490;31456;33422;35388;37354;39320
1967;3934;5901;7868;9835;11802;13769;15736;17703;19670;21637;23604;25571;27538;29505;31472;33439;35406;37373;39340
1968;3936;5904;7872;9840;11808;13776;15744;17712;19680;21648;23616;25584;27552;29520;31488;33456;35424;37392;39360
1969;3938;5907;7876;9845;11814;13783;15752;17721;19690;21659;23628;25597;27566;29535;31504;33473;35442;37411;39380
1970;3940;5910;7880;9850;11820;13790;15760;17730;19700;21670;23640;25610;27580;29550;31520;33490;35460;37430;39400
1971;3942;5913;7884;9855;11826;13797;15768;17739;19710;21681;23652;25623;27594;29565;31536;33507;35478;37449;39420
1972;3944;5916;7888;9860;11832;13804;15776;17748;19720;21692;23664;25636;27608;29580;31552;33524;35496;37468;39440
1973;3946;5919;7892;9865;11838;13811;15784;17757;19730;21703;23676;25649;27622;29595;31568;33541;35514;37487;39460
1974;3948;5922;7896;9870;11844;13818;15792;17766;19740;21714;23688;25662;27636;29610;31584;33558;35532;37506;39480
1975;3950;5925;7900;9875;11850;13825;15800;17775;19750;21725;23700;25675;27650;29625;31600;33575;35550;37525;39500
1976;3952;5928;7904;9880;11856;13832;15808;17784;19760;21736;23712;25688;27664;29640;31616;33592;35568;37544;39520
1977;3954;5931;7908;9885;11862;13839;15816;17793;19770;21747;23724;25701;27678;29655;31632;33609;35586;37563;39540
1978;3956;5934;7912;9890;11868;13846;15824;17802;19780;21758;23736;25714;27692;29670;31648;33626;35604;37582;39560
1979;3958;5937;7916;9895;11874;13853;15832;17811;19790;21769;23748;25727;27706;29685;31664;33643;35622;37601;39580
1980;3960;5940;7920;9900;11880;13860;15840;17820;19800;21780;23760;25740;27720;29700;31680;33660;35640;37620;39600
1981;3962;5943;7924;9905;11886;13867;15848;17829;19810;21791;23772;25753;27734;29715;31696;33677;35658;37639;39620
1982;3964;5946;7928;9910;11892;13874;15856;17838;19820;21802;23784;25766;27748;29730;31712;33694;35676;37658;39640
1983;3966;5949;7932;9915;11898;13881;15864;17847;19830;21813;23796;25779;27762;29745;31728;33711;35694;37677;39660
1984;3968;5952;7936;9920;11904;13888;15872;17856;19840;21824;23808;25792;27776;29760;31744;33728;35712;37696;39680
1985;3970;5955;7940;9925;11910;13895;15880;17865;19850;21835;23820;25805;27790;29775;31760;33745;35730;37715;39700
1986;3972;5958;7944;9930;11916;13902;15888;17874;19860;21846;23832;25818;27804;29790;31776;33762;35748;37734;39720
1987;3974;5961;7948;9935;11922;13909;15896;17883;19870;21857;23844;25831;27818;29805;31792;33779;35766;37753;39740
1988;3976;5964;7952;9940;11928;13916;15904;17892;19880;21868;23856;25844;27832;29820;31808;33796;35784;37772;39760
1989;3978;5967;7956;9945;11934;13923;15912;17901;19890;21879;23868;25857;27846;29835;31824;33813;35802;37791;39780
1990;3980;5970;7960;9950;11940;13930;15920;17910;19900;21890;23880;25870;27860;29850;31840;33830;35820;37810;39800
1991;3982;5973;7964;9955;11946;13937;15928;17919;19910;21901;23892;25883;27874;29865;31856;33847;35838;37829;39820
1992;3984;5976;7968;9960;11952;13944;15936;17928;19920;21912;23904;25896;27888;29880;31872;33864;35856;37848;39840
1993;3986;5979;7972;9965;11958;13951;15944;17937;19930;21923;23916;25909;27902;29895;31888;33881;35874;37867;39860
1994;3988;5982;7976;9970;11964;13958;15952;17946;19940;21934;23928;25922;27916;29910;31904;33898;35892;37886;39880
1995;3990;5985;7980;9975;11970;13965;15960;17955;19950;21945;23940;25935;27930;29925;31920;33915;35910;37905;39900
1996;3992;5988;7984;9980;11976;13972;15968;17964;19960;21956;23952;25948;27944;29940;31936;33932;35928;37924;39920
1997;3994;5991;7988;9985;11982;13979;15976;17973;19970;21967;23964;25961;27958;29955;31952;33949;35946;37943;39940
1998;3996;5994;7992;9990;11988;13986;15984;17982;19980;21978;23976;25974;27972;29970;31968;33966;35964;37962;39960
1999;3998;5997;7996;9995;11994;13993;15992;17991;19990;21989;23988;25987;27986;29985;31984;33983;35982;37981;39980
2000;4000;6000;8000;10000;12000;14000;16000;18000;20000;22000;24000;26000;28000;30000;32000;34000;36000;38000;40000
2001;4002;6003;8004;10005;12006;14007;16008;18009;20010;22011;24012;26013;28014;30015;32016;34017;36018;38019;40020
2002;4004;6006;8008;10010;12012;14014;16016;18018;20020;22022;24024;26026;28028;30030;32032;34034;36036;38038;40040
2003;4006;6009;8012;10015;12018;14021;16024;18027;20030;22033;24036;26039;28042;30045;32048;34051;36054;38057;40060
2004;4008;6012;8016;10020;12024;14028;16032;18036;20040;22044;24048;26052;28056;30060;32064;34068;36072;38076;40080
2005;4010;6015;8020;10025;12030;14035;16040;18045;20050;22055;24060;26065;28070;30075;32080;34085;36090;38095;40100
2006;4012;6018;8024;10030;12036;14042;16048;18054;20060;22066;24072;26078;28084;30090;32096;34102;36108;38114;40120
2007;4014;6021;8028;10035;12042;14049;16056;18063;20070;22077;24084;26091;28098;30105;32112;34119;36126;38133;40140
2008;4016;6024;8032;10040;12048;14056;16064;18072;20080;22088;24096;26104;28112;30120;32128;34136;36144;38152;40160
2009;4018;6027;8036;10045;12054;14063;16072;18081;20090;22099;24108;26117;28126;30135;32144;34153;36162;38171;40180
2010;4020;6030;8040;10050;12060;14070;16080;18090;20100;22110;24120;26130;28140;30150;32160;34170;36180;38190;40200
2011;4022;6033;8044;10055;12066;14077;16088;18099;20110;22121;24132;26143;28154;30165;32176;34187;36198;38209;40220
2012;4024;6036;8048;10060;12072;14084;16096;18108;20120;22132;24144;26156;28168;30180;32192;34204;36216;38228;40240
2013;4026;6039;8052;10065;12078;14091;16104;18117;20130;22143;24156;26169;28182;30195;32208;34221;36234;38247;40260
2014;4028;6042;8056;10070;12084;14098;16112;18126;20140;22154;24168;26182;28196;30210;32224;34238;36252;38266;40280
2015;4030;6045;8060;10075;12090;14105;16120;18135;20150;22165;24180;26195;28210;30225;32240;34255;36270;38285;40300
2016;4032;6048;8064;10080;12096;14112;16128;18144;20160;22176;24192;26208;28224;30240;32256;34272;36288;38304;40320
2017;4034;6051;8068;10085;12102;14119;16136;18153;20170;22187;24204;26221;28238;30255;32272;34289;36306;38323;40340
2018;4036;6054;8072;10090;12108;14126;16144;18162;20180;22198;24216;26234;28252;30270;32288;34306;36324;38342;40360
2019;4038;6057;8076;10095;12114;14133;16152;18171;20190;22209;24228;26247;28266;30285;32304;34323;36342;38361;40380
2020;4040;6060;8080;10100;12120;14140;16160;18180;20200;22220;24240;26260;28280;30300;32320;34340;36360;38380;40400
2021;4042;6063;8084;10105;12126;14147;16168;18189;20210;22231;24252;26273;28294;30315;32336;34357;36378;38399;40420
2022;4044;6066;8088;10110;12132;14154;16176;18198;20220;22242;24264;26286;28308;30330;32352;34374;36396;38418;40440
2023;4046;6069;8092;10115;12138;14161;16184;18207;20230;22253;24276;26299;28322;30345;32368;34391;36414;38437;40460
2024;4048;6072;8096;10120;12144;14168;16192;18216;20240;22264;24288;26312;28336;30360;32384;34408;36432;38456;40480
2025;4050;6075;8100;10125;12150;14175;16200;18225;20250;22275;24300;26325;28350;30375;32400;34425;36450;38475;40500
2026;4052;6078;8104;10130;12156;14182;16208;18234;20260;22286;24312;26338;28364;30390;32416;34442;36468;38494;40520
2027;4054;6081;8108;10135;12162;14189;16216;18243;20270;22297;24324;26351;28378;30405;32432;34459;36486;38513;40540
2028;4056;6084;8112;10140;12168;14196;16224;18252;20280;22308;24336;26364;28392;30420;32448;34476;36504;38532;40560
2029;4058;6087;8116;10145;12174;14203;16232;18261;20290;22319;24348;26377;28406;30435;32464;34493;36522;38551;40580
2030;4060;6090;8120;10150;12180;14210;16240;18270;20300;22330;24360;26390;28420;30450;32480;34510;36540;38570;40600
2031;4062;6093;8124;10155;12186;14217;16248;18279;20310;22341;24372;26403;28434;30465;32496;34527;36558;38589;40620
2032;4064;6096;8128;10160;12192;14224;16256;18288;20320;22352;24384;26416;28448;30480;32512;34544;36576;38608;40640
2033;4066;6099;8132;10165;12198;14231;16264;18297;20330;22363;24396;26429;28462;30495;32528;34561;36594;38627;40660
2034;4068;6102;8136;10170;12204;14238;16272;18306;20340;22374;24408;26442;28476;30510;32544;34578;36612;38646;40680
2035;4070;6105;8140;10175;12210;14245;16280;18315;20350;22385;24420;26455;28490;30525;32560;34595;36630;38665;40700
2036;4072;6108;8144;10180;12216;14252;16288;18324;20360;22396;24432;26468;28504;30540;32576;34612;36648;38684;40720
2037;4074;6111;8148;10185;12222;14259;16296;18333;20370;22407;24444;26481;28518;30555;32592;34629;36666;38703;40740
2038;4076;6114;8152;10190;12228;14266;16304;18342;20380;22418;24456;26494;28532;30570;32608;34646;36684;38722;40760
2039;4078;6117;8156;10195;12234;14273;16312;18351;20390;22429;24468;26507;28546;30585;32624;34663;36702;38741;40780
2040;4080;6120;8160;10200;12240;14280;16320;18360;20400;22440;24480;26520;28560;30600;32640;34680;36720;38760;40800
2041;4082;6123;8164;10205;12246;14287;16328;18369;20410;22451;24492;26533;28574;30615;32656;34697;36738;38779;40820
2042;4084;6126;8168;10210;12252;14294;16336;18378;20420;22462;24504;26546;28588;30630;32672;34714;36756;38798;40840
2043;4086;6129;8172;10215;12258;14301;16344;18387;20430;22473;24516;26559;28602;30645;32688;34731;36774;38817;40860
2044;4088;6132;8176;10220;12264;14308;16352;18396;20440;22484;24528;26572;28616;30660;32704;34748;36792;38836;40880
2045;4090;6135;8180;10225;12270;14315;16360;18405;20450;22495;24540;26585;28630;30675;32720;34765;36810;38855;40900
2046;4092;6138;8184;10230;12276;14322;16368;18414;20460;22506;24552;26598;28644;30690;32736;34782;36828;38874;40920
2047;4094;6141;8188;10235;12282;14329;16376;18423;20470;22517;24564;26611;28658;30705;32752;34799;36846;38893;40940
2048;4096;6144;8192;10240;12288;14336;16384;18432;20480;22528;24576;26624;28672;30720;32768;34816;36864;38912;40960
2049;4098;6147;8196;10245;12294;14343;16392;18441;20490;22539;24588;26637;28686;30735;32784;34833;36882;38931;40980
2050;4100;6150;8200;10250;12300;14350;16400;18450;20500;22550;24600;26650;28700;30750;32800;34850;36900;38950;41000
2051;4102;6153;8204;10255;12306;14357;16408;18459;20510;22561;24612;26663;28714;30765;32816;34867;36918;38969;41020
2052;4104;6156;8208;10260;12312;14364;16416;18468;20520;22572;24624;26676;28728;30780;32832;34884;36936;38988;41040
2053;4106;6159;8212;10265;12318;14371;16424;18477;20530;22583;24636;26689;28742;30795;32848;34901;36954;39007;41060
2054;4108;6162;8216;10270;12324;14378;16432;18486;20540;22594;24648;26702;28756;30810;32864;34918;36972;39026;41080
2055;4110;6165;8220;10275;12330;14385;16440;18495;20550;22605;24660;26715;28770;30825;32880;34935;36990;39045;41100
2056;4112;6168;8224;10280;12336;14392;16448;18504;20560;22616;24672;26728;28784;30840;32896;34952;37008;39064;41120
2057;4114;6171;8228;10285;12342;14399;16456;18513;20570;22627;24684;26741;28798;30855;32912;34969;37026;39083;41140
2058;4116;6174;8232;10290;12348;14406;16464;18522;20580;22638;24696;26754;28812;30870;32928;34986;37044;39102;41160
2059;4118;6177;8236;10295;12354;14413;16472;18531;20590;22649;24708;26767;28826;30885;32944;35003;37062;39121;41180
2060;4120;6180;8240;10300;12360;14420;16480;18540;20600;22660;24720;26780;28840;30900;32960;35020;37080;39140;41200
2061;4122;6183;8244;10305;12366;14427;16488;18549;20610;22671;24732;26793;28854;30915;32976;35037;37098;39159;41220
2062;4124;6186;8248;10310;12372;14434;16496;18558;20620;22682;24744;26806;28868;30930;32992;35054;37116;39178;41240
2063;4126;6189;8252;10315;12378;14441;16504;18567;20630;22693;24756;26819;28882;30945;33008;35071;37134;39197;41260
2064;4128;6192;8256;10320;12384;14448;16512;18576;20640;22704;24768;26832;28896;30960;33024;35088;37152;39216;41280
2065;4130;6195;8260;10325;12390;14455;16520;18585;20650;22715;24780;26845;28910;30975;33040;35105;37170;39235;41300
2066;4132;6198;8264;10330;12396;14462;16528;18594;20660;22726;24792;26858;28924;30990;33056;35122;37188;39254;41320
2067;4134;6201;8268;10335;12402;14469;16536;18603;20670;22737;24804;26871;28938;31005;33072;35139;37206;39273;41340
2068;4136;6204;8272;10340;12408;14476;16544;18612;20680;22748;24816;26884;28952;31020;33088;35156;37224;39292;41360
2069;4138;6207;8276;10345;12414;14483;16552;18621;20690;22759;24828;26897;28966;31035;33104;35173;37242;39311;41380
2070;4140;6210;8280;10350;12420;14490;16560;18630;20700;22770;24840;26910;28980;31050;33120;35190;37260;39330;41400
2071;4142;6213;8284;10355;12426;14497;16568;18639;20710;22781;24852;26923;28994;31065;33136;35207;37278;39349;41420
2072;4144;6216;8288;10360;12432;14504;16576;18648;20720;22792;24864;26936;29008;31080;33152;35224;37296;39368;41440
2073;4146;6219;8292;10365;12438;14511;16584;18657;20730;22803;24876;26949;29022;31095;33168;35241;37314;39387;41460
2074;4148;6222;8296;10370;12444;14518;16592;18666;20740;22814;24888;26962;29036;31110;33184;35258;37332;39406;41480
2075;4150;6225;8300;10375;12450;14525;16600;18675;20750;22825;24900;26975;29050;31125;33200;35275;37350;39425;41500
2076;4152;6228;8304;10380;12456;14532;16608;18684;20760;22836;24912;26988;29064;31140;33216;35292;37368;39444;41520
2077;4154;6231;8308;10385;12462;14539;16616;18693;20770;22847;24924;27001;29078;31155;33232;35309;37386;39463;41540
2078;4156;6234;8312;10390;12468;14546;16624;18702;20780;22858;24936;27014;29092;31170;33248;35326;37404;39482;41560
2079;4158;6237;8316;10395;12474;14553;16632;18711;20790;22869;24948;27027;29106;31185;33264;35343;37422;39501;41580
2080;4160;6240;8320;10400;12480;14560;16640;18720;20800;22880;24960;27040;29120;31200;33280;35360;37440;39520;41600
2081;4162;6243;8324;10405;12486;14567;16648;18729;20810;22891;24972;27053;29134;31215;33296;35377;37458;39539;41620
2082;4164;6246;8328;10410;12492;14574;16656;18738;20820;22902;24984;27066;29148;31230;33312;35394;37476;39558;41640
2083;4166;6249;8332;10415;12498;14581;16664;18747;20830;22913;24996;27079;29162;31245;33328;35411;37494;39577;41660
2084;4168;6252;8336;10420;12504;14588;16672;18756;20840;22924;25008;27092;29176;31260;33344;35428;37512;39596;41680
2085;4170;6255;8340;10425;12510;14595;16680;18765;20850;22935;25020;27105;29190;31275;33360;35445;37530;39615;41700
2086;4172;6258;8344;10430;12516;14602;16688;18774;20860;22946;25032;27118;29204;31290;33376;35462;37548;39634;41720
2087;4174;6261;8348;10435;12522;14609;16696;18783;20870;22957;25044;27131;29218;31305;33392;35479;37566;39653;41740
2088;4176;6264;8352;10440;12528;14616;16704;18792;20880;22968;25056;27144;29232;31320;33408;35496;37584;39672;41760
2089;4178;6267;8356;10445;12534;14623;16712;18801;20890;22979;25068;27157;29246;31335;33424;35513;37602;39691;41780
2090;4180;6270;8360;10450;12540;14630;16720;18810;20900;22990;25080;27170;29260;31350;33440;35530;37620;39710;41800
2091;4182;6273;8364;10455;12546;14637;16728;18819;20910;23001;25092;27183;29274;31365;33456;35547;37638;39729;41820
2092;4184;6276;8368;10460;12552;14644;16736;18828;20920;23012;25104;27196;29288;31380;33472;35564;37656;39748;41840
2093;4186;6279;8372;10465;12558;14651;16744;18837;20930;23023;25116;27209;29302;31395;33488;35581;37674;39767;41860
2094;4188;6282;8376;10470;12564;14658;16752;18846;20940;23034;25128;27222;29316;31410;33504;35598;37692;39786;41880
2095;4190;6285;8380;10475;12570;14665;16760;18855;20950;23045;25140;27235;29330;31425;33520;35615;37710;39805;41900
2096;4192;6288;8384;10480;12576;14672;16768;18864;20960;23056;25152;27248;29344;31440;33536;35632;37728;39824;41920
2097;4194;6291;8388;10485;12582;14679;16776;18873;20970;23067;25164;27261;29358;31455;33552;35649;37746;39843;41940
2098;4196;6294;8392;10490;12588;14686;16784;18882;20980;23078;25176;27274;29372;31470;33568;35666;37764;39862;41960
2099;4198;6297;8396;10495;12594;14693;16792;18891;20990;23089;25188;27287;29386;31485;33584;35683;37782;39881;41980
2100;4200;6300;8400;10500;12600;14700;16800;18900;21000;23100;25200;27300;29400;31500;33600;35700;37800;39900;42000
2101;4202;6303;8404;10505;12606;14707;16808;18909;21010;23111;25212;27313;29414;31515;33616;35717;37818;39919;42020
2102;4204;6306;8408;10510;12612;14714;16816;18918;21020;23122;25224;27326;29428;31530;33632;35734;37836;39938;42040
2103;4206;6309;8412;10515;12618;14721;16824;18927;21030;23133;25236;27339;29442;31545;33648;35751;37854;39957;42060
2104;4208;6312;8416;10520;12624;14728;16832;18936;21040;23144;25248;27352;29456;31560;33664;35768;37872;39976;42080
2105;4210;6315;8420;10525;12630;14735;16840;18945;21050;23155;25260;27365;29470;31575;33680;35785;37890;39995;42100
2106;4212;6318;8424;10530;12636;14742;16848;18954;21060;23166;25272;27378;29484;31590;33696;35802;37908;40014;42120
2107;4214;6321;8428;10535;12642;14749;16856;18963;21070;23177;25284;27391;29498;31605;33712;35819;37926;40033;42140
2108;4216;6324;8432;10540;12648;14756;16864;18972;21080;23188;25296;27404;29512;31620;33728;35836;37944;40052;42160
2109;4218;6327;8436;10545;12654;14763;16872;18981;21090;23199;25308;27417;29526;31635;33744;35853;37962;40071;42180
2110;4220;6330;8440;10550;12660;14770;16880;18990;21100;23210;25320;27430;29540;31650;33760;35870;37980;40090;42200
2111;4222;6333;8444;10555;12666;14777;16888;18999;21110;23221;25332;27443;29554;31665;33776;35887;37998;40109;42220
2112;4224;6336;8448;10560;12672;14784;16896;19008;21120;23232;25344;27456;29568;31680;33792;35904;38016;40128;42240
2113;4226;6339;8452;10565;12678;14791;16904;19017;21130;23243;25356;27469;29582;31695;33808;35921;38034;40147;42260
2114;4228;6342;8456;10570;12684;14798;16912;19026;21140;23254;25368;27482;29596;31710;33824;35938;38052;40166;42280
2115;4230;6345;8460;10575;12690;14805;16920;19035;21150;23265;25380;27495;29610;31725;33840;35955;38070;40185;42300
2116;4232;6348;8464;10580;12696;14812;16928;19044;21160;23276;25392;27508;29624;31740;33856;35972;38088;40204;42320
2117;4234;6351;8468;10585;12702;14819;16936;19053;21170;23287;25404;27521;29638;31755;33872;35989;38106;40223;42340
2118;4236;6354;8472;10590;12708;14826;16944;19062;21180;23298;25416;27534;29652;31770;33888;36006;38124;40242;42360
2119;4238;6357;8476;10595;12714;14833;16952;19071;21190;23309;25428;27547;29666;31785;33904;36023;38142;40261;42380
2120;4240;6360;8480;10600;12720;14840;16960;19080;21200;23320;25440;27560;29680;31800;33920;36040;38160;40280;42400
2121;4242;6363;8484;10605;12726;14847;16968;19089;21210;23331;25452;27573;29694;31815;33936;36057;38178;40299;42420
2122;4244;6366;8488;10610;12732;14854;16976;19098;21220;23342;25464;27586;29708;31830;33952;36074;38196;40318;42440
2123;4246;6369;8492;10615;12738;14861;16984;19107;21230;23353;25476;27599;29722;31845;33968;36091;38214;40337;42460
2124;4248;6372;8496;10620;12744;14868;16992;19116;21240;23364;25488;27612;29736;31860;33984;36108;38232;40356;42480
2125;4250;6375;8500;10625;12750;14875;17000;19125;21250;23375;25500;27625;29750;31875;34000;36125;38250;40375;42500
2126;4252;6378;8504;10630;12756;14882;17008;19134;21260;23386;25512;27638;29764;31890;34016;36142;38268;40394;42520
2127;4254;6381;8508;10635;12762;14889;17016;19143;21270;23397;25524;27651;29778;31905;34032;36159;38286;40413;42540
2128;4256;6384;8512;10640;12768;14896;17024;19152;21280;23408;25536;27664;29792;31920;34048;36176;38304;40432;42560
2129;4258;6387;8516;10645;12774;14903;17032;19161;21290;23419;25548;27677;29806;31935;34064;36193;38322;40451;42580
2130;4260;6390;8520;10650;12780;14910;17040;19170;21300;23430;25560;27690;29820;31950;34080;36210;38340;40470;42600
2131;4262;6393;8524;10655;12786;14917;17048;19179;21310;23441;25572;27703;29834;31965;34096;36227;38358;40489;42620
2132;4264;6396;8528;10660;12792;14924;17056;19188;21320;23452;25584;27716;29848;31980;34112;36244;38376;40508;42640
2133;4266;6399;8532;10665;12798;14931;17064;19197;21330;23463;25596;27729;29862;31995;34128;36261;38394;40527;42660
2134;4268;6402;8536;10670;12804;14938;17072;19206;21340;23474;25608;27742;29876;32010;34144;36278;38412;40546;42680
2135;4270;6405;8540;10675;12810;14945;17080;19215;21350;23485;25620;27755;29890;32025;34160;36295;38430;40565;42700
2136;4272;6408;8544;10680;12816;14952;17088;19224;21360;23496;25632;27768;29904;32040;34176;36312;38448;40584;42720
2137;4274;6411;8548;10685;12822;14959;17096;19233;21370;23507;25644;27781;29918;32055;34192;36329;38466;40603;42740
2138;4276;6414;8552;10690;12828;14966;17104;19242;21380;23518;25656;27794;29932;32070;34208;36346;38484;40622;42760
2139;4278;6417;8556;10695;12834;14973;17112;19251;21390;23529;25668;27807;29946;32085;34224;36363;38502;40641;42780
2140;4280;6420;8560;10700;12840;14980;17120;19260;21400;23540;25680;27820;29960;32100;34240;36380;38520;40660;42800
2141;4282;6423;8564;10705;12846;14987;17128;19269;21410;23551;25692;27833;29974;32115;34256;36397;38538;40679;42820
2142;4284;6426;8568;10710;12852;14994;17136;19278;21420;23562;25704;27846;29988;32130;34272;36414;38556;40698;42840
2143;4286;6429;8572;10715;12858;15001;17144;19287;21430;23573;25716;27859;30002;32145;34288;36431;38574;40717;42860
2144;4288;6432;8576;10720;12864;15008;17152;19296;21440;23584;25728;27872;30016;32160;34304;36448;38592;40736;42880
2145;4290;6435;8580;10725;12870;15015;17160;19305;21450;23595;25740;27885;30030;32175;34320;36465;38610;40755;42900
2146;4292;6438;8584;10730;12876;15022;17168;19314;21460;23606;25752;27898;30044;32190;34336;36482;38628;40774;42920
2147;4294;6441;8588;10735;12882;15029;17176;19323;21470;23617;25764;27911;30058;32205;34352;36499;38646;40793;42940
2148;4296;6444;8592;10740;12888;15036;17184;19332;21480;23628;25776;27924;30072;32220;34368;36516;38664;40812;42960
2149;4298;6447;8596;10745;12894;15043;17192;19341;21490;23639;25788;27937;30086;32235;34384;36533;38682;40831;42980
2150;4300;6450;8600;10750;12900;15050;17200;19350;21500;23650;25800;27950;30100;32250;34400;36550;38700;40850;43000
2151;4302;6453;8604;10755;12906;15057;17208;19359;21510;23661;25812;27963;30114;32265;34416;36567;38718;40869;43020
2152;4304;6456;8608;10760;12912;15064;17216;19368;21520;23672;25824;27976;30128;32280;34432;36584;38736;40888;43040
2153;4306;6459;8612;10765;12918;15071;17224;19377;21530;23683;25836;27989;30142;32295;34448;36601;38754;40907;43060
2154;4308;6462;8616;10770;12924;15078;17232;19386;21540;23694;25848;28002;30156;32310;34464;36618;38772;40926;43080
2155;4310;6465;8620;10775;12930;15085;17240;19395;21550;23705;25860;28015;30170;32325;34480;36635;38790;40945;43100
2156;4312;6468;8624;10780;12936;15092;17248;19404;21560;23716;25872;28028;30184;32340;34496;36652;38808;40964;43120
2157;4314;6471;8628;10785;12942;15099;17256;19413;21570;23727;25884;28041;30198;32355;34512;36669;38826;40983;43140
2158;4316;6474;8632;10790;12948;15106;17264;19422;21580;23738;25896;28054;30212;32370;34528;36686;38844;41002;43160
2159;4318;6477;8636;10795;12954;15113;17272;19431;21590;23749;25908;28067;30226;32385;34544;36703;38862;41021;43180
2160;4320;6480;8640;10800;12960;15120;17280;19440;21600;23760;25920;28080;30240;32400;34560;36720;38880;41040;43200
2161;4322;6483;8644;10805;12966;15127;17288;19449;21610;23771;25932;28093;30254;32415;34576;36737;38898;41059;43220
2162;4324;6486;8648;10810;12972;15134;17296;19458;21620;23782;25944;28106;30268;32430;34592;36754;38916;41078;43240
2163;4326;6489;8652;10815;12978;15141;17304;19467;21630;23793;25956;28119;30282;32445;34608;36771;38934;41097;43260
2164;4328;6492;8656;10820;12984;15148;17312;19476;21640;23804;25968;28132;30296;32460;34624;36788;38952;41116;43280
2165;4330;6495;8660;10825;12990;15155;17320;19485;21650;23815;25980;28145;30310;32475;34640;36805;38970;41135;43300
2166;4332;6498;8664;10830;12996;15162;17328;19494;21660;23826;25992;28158;30324;32490;34656;36822;38988;41154;43320
2167;4334;6501;8668;10835;13002;15169;17336;19503;21670;23837;26004;28171;30338;32505;34672;36839;39006;41173;43340
2168;4336;6504;8672;10840;13008;15176;17344;19512;21680;23848;26016;28184;30352;32520;34688;36856;39024;41192;43360
2169;4338;6507;8676;10845;13014;15183;17352;19521;21690;23859;26028;28197;30366;32535;34704;36873;39042;41211;43380
2170;4340;6510;8680;10850;13020;15190;17360;19530;21700;23870;26040;28210;30380;32550;34720;36890;39060;41230;43400
2171;4342;6513;8684;10855;13026;15197;17368;19539;21710;23881;26052;28223;30394;32565;34736;36907;39078;41249;43420
2172;4344;6516;8688;10860;13032;15204;17376;19548;21720;23892;26064;28236;30408;32580;34752;36924;39096;41268;43440
2173;4346;6519;8692;10865;13038;15211;17384;19557;21730;23903;26076;28249;30422;32595;34768;36941;39114;41287;43460
2174;4348;6522;8696;10870;13044;15218;17392;19566;21740;23914;26088;28262;30436;32610;34784;36958;39132;41306;43480
2175;4350;6525;8700;10875;13050;15225;17400;19575;21750;23925;26100;28275;30450;32625;34800;36975;39150;41325;43500
2176;4352;6528;8704;10880;13056;15232;17408;19584;21760;23936;26112;28288;30464;32640;34816;36992;39168;41344;43520
2177;4354;6531;8708;10885;13062;15239;17416;19593;21770;23947;26124;28301;30478;32655;34832;37009;39186;41363;43540
2178;4356;6534;8712;10890;13068;15246;17424;19602;21780;23958;26136;28314;30492;32670;34848;37026;39204;41382;43560
2179;4358;6537;8716;10895;13074;15253;17432;19611;21790;23969;26148;28327;30506;32685;34864;37043;39222;41401;43580
2180;4360;6540;8720;10900;13080;15260;17440;19620;21800;23980;26160;28340;30520;32700;34880;37060;39240;41420;43600
2181;4362;6543;8724;10905;13086;15267;17448;19629;21810;23991;26172;28353;30534;32715;34896;37077;39258;41439;43620
2182;4364;6546;8728;10910;13092;15274;17456;19638;21820;24002;26184;28366;30548;32730;34912;37094;39276;41458;43640
2183;4366;6549;8732;10915;13098;15281;17464;19647;21830;24013;26196;28379;30562;32745;34928;37111;39294;41477;43660
2184;4368;6552;8736;10920;13104;15288;17472;19656;21840;24024;26208;28392;30576;32760;34944;37128;39312;41496;43680
2185;4370;6555;8740;10925;13110;15295;17480;19665;21850;24035;26220;28405;30590;32775;34960;37145;39330;41515;43700
2186;4372;6558;8744;10930;13116;15302;17488;19674;21860;24046;26232;28418;30604;32790;34976;37162;39348;41534;43720
2187;4374;6561;8748;10935;13122;15309;17496;19683;21870;24057;26244;28431;30618;32805;34992;37179;39366;41553;43740
2188;4376;6564;8752;10940;13128;15316;17504;19692;21880;24068;26256;28444;30632;32820;35008;37196;39384;41572;43760
2189;4378;6567;8756;10945;13134;15323;17512;19701;21890;24079;26268;28457;30646;32835;35024;37213;39402;41591;43780
2190;4380;6570;8760;10950;13140;15330;17520;19710;21900;24090;26280;28470;30660;32850;35040;37230;39420;41610;43800
2191;4382;6573;8764;10955;13146;15337;17528;19719;21910;24101;26292;28483;30674;32865;35056;37247;39438;41629;43820
2192;4384;6576;8768;10960;13152;15344;17536;19728;21920;24112;26304;28496;30688;32880;35072;37264;39456;41648;43840
2193;4386;6579;8772;10965;13158;15351;17544;19737;21930;24123;26316;28509;30702;32895;35088;37281;39474;41667;43860
2194;4388;6582;8776;10970;13164;15358;17552;19746;21940;24134;26328;28522;30716;32910;35104;37298;39492;41686;43880
2195;4390;6585;8780;10975;13170;15365;17560;19755;21950;24145;26340;28535;30730;32925;35120;37315;39510;41705;43900
2196;4392;6588;8784;10980;13176;15372;17568;19764;21960;24156;26352;28548;30744;32940;35136;37332;39528;41724;43920
2197;4394;6591;8788;10985;13182;15379;17576;19773;21970;24167;26364;28561;30758;32955;35152;37349;39546;41743;43940
2198;4396;6594;8792;10990;13188;15386;17584;19782;21980;24178;26376;28574;30772;32970;35168;37366;39564;41762;43960
2199;4398;6597;8796;10995;13194;15393;17592;19791;21990;24189;26388;28587;30786;32985;35184;37383;39582;41781;43980
2200;4400;6600;8800;11000;13200;15400;17600;19800;22000;24200;26400;28600;30800;33000;35200;37400;39600;41800;44000
2201;4402;6603;8804;11005;13206;15407;17608;19809;22010;24211;26412;28613;30814;33015;35216;37417;39618;41819;44020
2202;4404;6606;8808;11010;13212;15414;17616;19818;22020;24222;26424;28626;30828;33030;35232;37434;39636;41838;44040
2203;4406;6609;8812;11015;13218;15421;17624;19827;22030;24233;26436;28639;30842;33045;35248;37451;39654;41857;44060
2204;4408;6612;8816;11020;13224;15428;17632;19836;22040;24244;26448;28652;30856;33060;35264;37468;39672;41876;44080
2205;4410;6615;8820;11025;13230;15435;17640;19845;22050;24255;26460;28665;30870;33075;35280;37485;39690;41895;44100
2206;4412;6618;8824;11030;13236;15442;17648;19854;22060;24266;26472;28678;30884;33090;35296;37502;39708;41914;44120
2207;4414;6621;8828;11035;13242;15449;17656;19863;22070;24277;26484;28691;30898;33105;35312;37519;39726;41933;44140
2208;4416;6624;8832;11040;13248;15456;17664;19872;22080;24288;26496;28704;30912;33120;35328;37536;39744;41952;44160
2209;4418;6627;8836;11045;13254;15463;17672;19881;22090;24299;26508;28717;30926;33135;35344;37553;39762;41971;44180
2210;4420;6630;8840;11050;13260;15470;17680;19890;22100;24310;26520;28730;30940;33150;35360;37570;39780;41990;44200
2211;4422;6633;8844;11055;13266;15477;17688;19899;22110;24321;26532;28743;30954;33165;35376;37587;39798;42009;44220
2212;4424;6636;8848;11060;13272;15484;17696;19908;22120;24332;26544;28756;30968;33180;35392;37604;39816;42028;44240
2213;4426;6639;8852;11065;13278;15491;17704;19917;22130;24343;26556;28769;30982;33195;35408;37621;39834;42047;44260
2214;4428;6642;8856;11070;13284;15498;17712;19926;22140;24354;26568;28782;30996;33210;35424;37638;39852;42066;44280
2215;4430;6645;8860;11075;13290;15505;17720;19935;22150;24365;26580;28795;31010;33225;35440;37655;39870;42085;44300
2216;4432;6648;8864;11080;13296;15512;17728;19944;22160;24376;26592;28808;31024;33240;35456;37672;39888;42104;44320
2217;4434;6651;8868;11085;13302;15519;17736;19953;22170;24387;26604;28821;31038;33255;35472;37689;39906;42123;44340
2218;4436;6654;8872;11090;13308;15526;17744;19962;22180;24398;26616;28834;31052;33270;35488;37706;39924;42142;44360
2219;4438;6657;8876;11095;13314;15533;17752;19971;22190;24409;26628;28847;31066;33285;35504;37723;39942;42161;44380
2220;4440;6660;8880;11100;13320;15540;17760;19980;22200;24420;26640;28860;31080;33300;35520;37740;39960;42180;44400
2221;4442;6663;8884;11105;13326;15547;17768;19989;22210;24431;26652;28873;31094;33315;35536;37757;39978;42199;44420
2222;4444;6666;8888;11110;13332;15554;17776;19998;22220;24442;26664;28886;31108;33330;35552;37774;39996;42218;44440
2223;4446;6669;8892;11115;13338;15561;17784;20007;22230;24453;26676;28899;31122;33345;35568;37791;40014;42237;44460
2224;4448;6672;8896;11120;13344;15568;17792;20016;22240;24464;26688;28912;31136;33360;35584;37808;40032;42256;44480
2225;4450;6675;8900;11125;13350;15575;17800;20025;22250;24475;26700;28925;31150;33375;35600;37825;40050;42275;44500
2226;4452;6678;8904;11130;13356;15582;17808;20034;22260;24486;26712;28938;31164;33390;35616;37842;40068;42294;44520
2227;4454;6681;8908;11135;13362;15589;17816;20043;22270;24497;26724;28951;31178;33405;35632;37859;40086;42313;44540
2228;4456;6684;8912;11140;13368;15596;17824;20052;22280;24508;26736;28964;31192;33420;35648;37876;40104;42332;44560
2229;4458;6687;8916;11145;13374;15603;17832;20061;22290;24519;26748;28977;31206;33435;35664;37893;40122;42351;44580
2230;4460;6690;8920;11150;13380;15610;17840;20070;22300;24530;26760;28990;31220;33450;35680;37910;40140;42370;44600
2231;4462;6693;8924;11155;13386;15617;17848;20079;22310;24541;26772;29003;31234;33465;35696;37927;40158;42389;44620
2232;4464;6696;8928;11160;13392;15624;17856;20088;22320;24552;26784;29016;31248;33480;35712;37944;40176;42408;44640
2233;4466;6699;8932;11165;13398;15631;17864;20097;22330;24563;26796;29029;31262;33495;35728;37961;40194;42427;44660
2234;4468;6702;8936;11170;13404;15638;17872;20106;22340;24574;26808;29042;31276;33510;35744;37978;40212;42446;44680
2235;4470;6705;8940;11175;13410;15645;17880;20115;22350;24585;26820;29055;31290;33525;35760;37995;40230;42465;44700
2236;4472;6708;8944;11180;13416;15652;17888;20124;22360;24596;26832;29068;31304;33540;35776;38012;40248;42484;44720
2237;4474;6711;8948;11185;13422;15659;17896;20133;22370;24607;26844;29081;31318;33555;35792;38029;40266;42503;44740
2238;4476;6714;8952;11190;13428;15666;17904;20142;22380;24618;26856;29094;31332;33570;35808;38046;40284;42522;44760
2239;4478;6717;8956;11195;13434;15673;17912;20151;22390;24629;26868;29107;31346;33585;35824;38063;40302;42541;44780
2240;4480;6720;8960;11200;13440;15680;17920;20160;22400;24640;26880;29120;31360;33600;35840;38080;40320;42560;44800
2241;4482;6723;8964;11205;13446;15687;17928;20169;22410;24651;26892;29133;31374;33615;35856;38097;40338;42579;44820
2242;4484;6726;8968;11210;13452;15694;17936;20178;22420;24662;26904;29146;31388;33630;35872;38114;40356;42598;44840
2243;4486;6729;8972;11215;13458;15701;17944;20187;22430;24673;26916;29159;31402;33645;35888;38131;40374;42617;44860
2244;4488;6732;8976;11220;13464;15708;17952;20196;22440;24684;26928;29172;31416;33660;35904;38148;40392;42636;44880
2245;4490;6735;8980;11225;13470;15715;17960;20205;22450;24695;26940;29185;31430;33675;35920;38165;40410;42655;44900
2246;4492;6738;8984;11230;13476;15722;17968;20214;22460;24706;26952;29198;31444;33690;35936;38182;40428;42674;44920
2247;4494;6741;8988;11235;13482;15729;17976;20223;22470;24717;26964;29211;31458;33705;35952;38199;40446;42693;44940
2248;4496;6744;8992;11240;13488;15736;17984;20232;22480;24728;26976;29224;31472;33720;35968;38216;40464;42712;44960
2249;4498;6747;8996;11245;13494;15743;17992;20241;22490;24739;26988;29237;31486;33735;35984;38233;40482;42731;44980
2250;4500;6750;9000;11250;13500;15750;18000;20250;22500;24750;27000;29250;31500;33750;36000;38250;40500;42750;45000
2251;4502;6753;9004;11255;13506;15757;18008;20259;22510;24761;27012;29263;31514;33765;36016;38267;40518;42769;45020
2252;4504;6756;9008;11260;13512;15764;18016;20268;22520;24772;27024;29276;31528;33780;36032;38284;40536;42788;45040
2253;4506;6759;9012;11265;13518;15771;18024;20277;22530;24783;27036;29289;31542;33795;36048;38301;40554;42807;45060
2254;4508;6762;9016;11270;13524;15778;18032;20286;22540;24794;27048;29302;31556;33810;36064;38318;40572;42826;45080
2255;4510;6765;9020;11275;13530;15785;18040;20295;22550;24805;27060;29315;31570;33825;36080;38335;40590;42845;45100
2256;4512;6768;9024;11280;13536;15792;18048;20304;22560;24816;27072;29328;31584;33840;36096;38352;40608;42864;45120
2257;4514;6771;9028;11285;13542;15799;18056;20313;22570;24827;27084;29341;31598;33855;36112;38369;40626;42883;45140
2258;4516;6774;9032;11290;13548;15806;18064;20322;22580;24838;27096;29354;31612;33870;36128;38386;40644;42902;45160
2259;4518;6777;9036;11295;13554;15813;18072;20331;22590;24849;27108;29367;31626;33885;36144;38403;40662;42921;45180
2260;4520;6780;9040;11300;13560;15820;18080;20340;22600;24860;27120;29380;31640;33900;36160;38420;40680;42940;45200
2261;4522;6783;9044;11305;13566;15827;18088;20349;22610;24871;27132;29393;31654;33915;36176;38437;40698;42959;45220
2262;4524;6786;9048;11310;13572;15834;18096;20358;22620;24882;27144;29406;31668;33930;36192;38454;40716;42978;45240
2263;4526;6789;9052;11315;13578;15841;18104;20367;22630;24893;27156;29419;31682;33945;36208;38471;40734;42997;45260
2264;4528;6792;9056;11320;13584;15848;18112;20376;22640;24904;27168;29432;31696;33960;36224;38488;40752;43016;45280
2265;4530;6795;9060;11325;13590;15855;18120;20385;22650;24915;27180;29445;31710;33975;36240;38505;40770;43035;45300
2266;4532;6798;9064;11330;13596;15862;18128;20394;22660;24926;27192;29458;31724;33990;36256;38522;40788;43054;45320
2267;4534;6801;9068;11335;13602;15869;18136;20403;22670;24937;27204;29471;31738;34005;36272;38539;40806;43073;45340
2268;4536;6804;9072;11340;13608;15876;18144;20412;22680;24948;27216;29484;31752;34020;36288;38556;40824;43092;45360
2269;4538;6807;9076;11345;13614;15883;18152;20421;22690;24959;27228;29497;31766;34035;36304;38573;40842;43111;45380
2270;4540;6810;9080;11350;13620;15890;18160;20430;22700;24970;27240;29510;31780;34050;36320;38590;40860;43130;45400
2271;4542;6813;9084;11355;13626;15897;18168;20439;22710;24981;27252;29523;31794;34065;36336;38607;40878;43149;45420
2272;4544;6816;9088;11360;13632;15904;18176;20448;22720;24992;27264;29536;31808;34080;36352;38624;40896;43168;45440
2273;4546;6819;9092;11365;13638;15911;18184;20457;22730;25003;27276;29549;31822;34095;36368;38641;40914;43187;45460
2274;4548;6822;9096;11370;13644;15918;18192;20466;22740;25014;27288;29562;31836;34110;36384;38658;40932;43206;45480
2275;4550;6825;9100;11375;13650;15925;18200;20475;22750;25025;27300;29575;31850;34125;36400;38675;40950;43225;45500
2276;4552;6828;9104;11380;13656;15932;18208;20484;22760;25036;27312;29588;31864;34140;36416;38692;40968;43244;45520
2277;4554;6831;9108;11385;13662;15939;18216;20493;22770;25047;27324;29601;31878;34155;36432;38709;40986;43263;45540
2278;4556;6834;9112;11390;13668;15946;18224;20502;22780;25058;27336;29614;31892;34170;36448;38726;41004;43282;45560
2279;4558;6837;9116;11395;13674;15953;18232;20511;22790;25069;27348;29627;31906;34185;36464;38743;41022;43301;45580
2280;4560;6840;9120;11400;13680;15960;18240;20520;22800;25080;27360;29640;31920;34200;36480;38760;41040;43320;45600
2281;4562;6843;9124;11405;13686;15967;18248;20529;22810;25091;27372;29653;31934;34215;36496;38777;41058;43339;45620
2282;4564;6846;9128;11410;13692;15974;18256;20538;22820;25102;27384;29666;31948;34230;36512;38794;41076;43358;45640
2283;4566;6849;9132;11415;13698;15981;18264;20547;22830;25113;27396;29679;31962;34245;36528;38811;41094;43377;45660
2284;4568;6852;9136;11420;13704;15988;18272;20556;22840;25124;27408;29692;31976;34260;36544;38828;41112;43396;45680
2285;4570;6855;9140;11425;13710;15995;18280;20565;22850;25135;27420;29705;31990;34275;36560;38845;41130;43415;45700
2286;4572;6858;9144;11430;13716;16002;18288;20574;22860;25146;27432;29718;32004;34290;36576;38862;41148;43434;45720
2287;4574;6861;9148;11435;13722;16009;18296;20583;22870;25157;27444;29731;32018;34305;36592;38879;41166;43453;45740
2288;4576;6864;9152;11440;13728;16016;18304;20592;22880;25168;27456;29744;32032;34320;36608;38896;41184;43472;45760
2289;4578;6867;9156;11445;13734;16023;18312;20601;22890;25179;27468;29757;32046;34335;36624;38913;41202;43491;45780
2290;4580;6870;9160;11450;13740;16030;18320;20610;22900;25190;27480;29770;32060;34350;36640;38930;41220;43510;45800
2291;4582;6873;9164;11455;13746;16037;18328;20619;22910;25201;27492;29783;32074;34365;36656;38947;41238;43529;45820
2292;4584;6876;9168;11460;13752;16044;18336;20628;22920;25212;27504;29796;32088;34380;36672;38964;41256;43548;45840
2293;4586;6879;9172;11465;13758;16051;18344;20637;22930;25223;27516;29809;32102;34395;36688;38981;41274;43567;45860
2294;4588;6882;9176;11470;13764;16058;18352;20646;22940;25234;27528;29822;32116;34410;36704;38998;41292;43586;45880
2295;4590;6885;9180;11475;13770;16065;18360;20655;22950;25245;27540;29835;32130;34425;36720;39015;41310;43605;45900
2296;4592;6888;9184;11480;13776;16072;18368;20664;22960;25256;27552;29848;32144;34440;36736;39032;41328;43624;45920
2297;4594;6891;9188;11485;13782;16079;18376;20673;22970;25267;27564;29861;32158;34455;36752;39049;41346;43643;45940
2298;4596;6894;9192;11490;13788;16086;18384;20682;22980;25278;27576;29874;32172;34470;36768;39066;41364;43662;45960
2299;4598;6897;9196;11495;13794;16093;18392;20691;22990;25289;27588;29887;32186;34485;36784;39083;41382;43681;45980
2300;4600;6900;9200;11500;13800;16100;18400;20700;23000;25300;27600;29900;32200;34500;36800;39100;41400;43700;46000
2301;4602;6903;9204;11505;13806;16107;18408;20709;23010;25311;27612;29913;32214;34515;36816;39117;41418;43719;46020
2302;4604;6906;9208;11510;13812;16114;18416;20718;23020;25322;27624;29926;32228;34530;36832;39134;41436;43738;46040
2303;4606;6909;9212;11515;13818;16121;18424;20727;23030;25333;27636;29939;32242;34545;36848;39151;41454;43757;46060
2304;4608;6912;9216;11520;13824;16128;18432;20736;23040;25344;27648;29952;32256;34560;36864;39168;41472;43776;46080
2305;4610;6915;9220;11525;13830;16135;18440;20745;23050;25355;27660;29965;32270;34575;36880;39185;41490;43795;46100
2306;4612;6918;9224;11530;13836;16142;18448;20754;23060;25366;27672;29978;32284;34590;36896;39202;41508;43814;46120
2307;4614;6921;9228;11535;13842;16149;18456;20763;23070;25377;27684;29991;32298;34605;36912;39219;41526;43833;46140
2308;4616;6924;9232;11540;13848;16156;18464;20772;23080;25388;27696;30004;32312;34620;36928;39236;41544;43852;46160
2309;4618;6927;9236;11545;13854;16163;18472;20781;23090;25399;27708;30017;32326;34635;36944;39253;41562;43871;46180
2310;4620;6930;9240;11550;13860;16170;18480;20790;23100;25410;27720;30030;32340;34650;36960;39270;41580;43890;46200
2311;4622;6933;9244;11555;13866;16177;18488;20799;23110;25421;27732;30043;32354;34665;36976;39287;41598;43909;46220
2312;4624;6936;9248;11560;13872;16184;18496;20808;23120;25432;27744;30056;32368;34680;36992;39304;41616;43928;46240
2313;4626;6939;9252;11565;13878;16191;18504;20817;23130;25443;27756;30069;32382;34695;37008;39321;41634;43947;46260
2314;4628;6942;9256;11570;13884;16198;18512;20826;23140;25454;27768;30082;32396;34710;37024;39338;41652;43966;46280
2315;4630;6945;9260;11575;13890;16205;18520;20835;23150;25465;27780;30095;32410;34725;37040;39355;41670;43985;46300
2316;4632;6948;9264;11580;13896;16212;18528;20844;23160;25476;27792;30108;32424;34740;37056;39372;41688;44004;46320
2317;4634;6951;9268;11585;13902;16219;18536;20853;23170;25487;27804;30121;32438;34755;37072;39389;41706;44023;46340
2318;4636;6954;9272;11590;13908;16226;18544;20862;23180;25498;27816;30134;32452;34770;37088;39406;41724;44042;46360
2319;4638;6957;9276;11595;13914;16233;18552;20871;23190;25509;27828;30147;32466;34785;37104;39423;41742;44061;46380
2320;4640;6960;9280;11600;13920;16240;18560;20880;23200;25520;27840;30160;32480;34800;37120;39440;41760;44080;46400
2321;4642;6963;9284;11605;13926;16247;18568;20889;23210;25531;27852;30173;32494;34815;37136;39457;41778;44099;46420
2322;4644;6966;9288;11610;13932;16254;18576;20898;23220;25542;27864;30186;32508;34830;37152;39474;41796;44118;46440
2323;4646;6969;9292;11615;13938;16261;18584;20907;23230;25553;27876;30199;32522;34845;37168;39491;41814;44137;46460
2324;4648;6972;9296;11620;13944;16268;18592;20916;23240;25564;27888;30212;32536;34860;37184;39508;41832;44156;46480
2325;4650;6975;9300;11625;13950;16275;18600;20925;23250;25575;27900;30225;32550;34875;37200;39525;41850;44175;46500
2326;4652;6978;9304;11630;13956;16282;18608;20934;23260;25586;27912;30238;32564;34890;37216;39542;41868;44194;46520
2327;4654;6981;9308;11635;13962;16289;18616;20943;23270;25597;27924;30251;32578;34905;37232;39559;41886;44213;46540
2328;4656;6984;9312;11640;13968;16296;18624;20952;23280;25608;27936;30264;32592;34920;37248;39576;41904;44232;46560
2329;4658;6987;9316;11645;13974;16303;18632;20961;23290;25619;27948;30277;32606;34935;37264;39593;41922;44251;46580
2330;4660;6990;9320;11650;13980;16310;18640;20970;23300;25630;27960;30290;32620;34950;37280;39610;41940;44270;46600
2331;4662;6993;9324;11655;13986;16317;18648;20979;23310;25641;27972;30303;32634;34965;37296;39627;41958;44289;46620
2332;4664;6996;9328;11660;13992;16324;18656;20988;23320;25652;27984;30316;32648;34980;37312;39644;41976;44308;46640
2333;4666;6999;9332;11665;13998;16331;18664;20997;23330;25663;27996;30329;32662;34995;37328;39661;41994;44327;46660
2334;4668;7002;9336;11670;14004;16338;18672;21006;23340;25674;28008;30342;32676;35010;37344;39678;42012;44346;46680
2335;4670;7005;9340;11675;14010;16345;18680;21015;23350;25685;28020;30355;32690;35025;37360;39695;42030;44365;46700
2336;4672;7008;9344;11680;14016;16352;18688;21024;23360;25696;28032;30368;32704;35040;37376;39712;42048;44384;46720
2337;4674;7011;9348;11685;14022;16359;18696;21033;23370;25707;28044;30381;32718;35055;37392;39729;42066;44403;46740
2338;4676;7014;9352;11690;14028;16366;18704;21042;23380;25718;28056;30394;32732;35070;37408;39746;42084;44422;46760
2339;4678;7017;9356;11695;14034;16373;18712;21051;23390;25729;28068;30407;32746;35085;37424;39763;42102;44441;46780
2340;4680;7020;9360;11700;14040;16380;18720;21060;23400;25740;28080;30420;32760;35100;37440;39780;42120;44460;46800
2341;4682;7023;9364;11705;14046;16387;18728;21069;23410;25751;28092;30433;32774;35115;37456;39797;42138;44479;46820
2342;4684;7026;9368;11710;14052;16394;18736;21078;23420;25762;28104;30446;32788;35130;37472;39814;42156;44498;46840
2343;4686;7029;9372;11715;14058;16401;18744;21087;23430;25773;28116;30459;32802;35145;37488;39831;42174;44517;46860
2344;4688;7032;9376;11720;14064;16408;18752;21096;23440;25784;28128;30472;32816;35160;37504;39848;42192;44536;46880
2345;4690;7035;9380;11725;14070;16415;18760;21105;23450;25795;28140;30485;32830;35175;37520;39865;42210;44555;46900
2346;4692;7038;9384;11730;14076;16422;18768;21114;23460;25806;28152;30498;32844;35190;37536;39882;42228;44574;46920
2347;4694;7041;9388;11735;14082;16429;18776;21123;23470;25817;28164;30511;32858;35205;37552;39899;42246;44593;46940
2348;4696;7044;9392;11740;14088;16436;18784;21132;23480;25828;28176;30524;32872;35220;37568;39916;42264;44612;46960
2349;4698;7047;9396;11745;14094;16443;18792;21141;23490;25839;28188;30537;32886;35235;37584;39933;42282;44631;46980
2350;4700;7050;9400;11750;14100;16450;18800;21150;23500;25850;28200;30550;32900;35250;37600;39950;42300;44650;47000
2351;4702;7053;9404;11755;14106;16457;18808;21159;23510;25861;28212;30563;32914;35265;37616;39967;42318;44669;47020
2352;4704;7056;9408;11760;14112;16464;18816;21168;23520;25872;28224;30576;32928;35280;37632;39984;42336;44688;47040
2353;4706;7059;9412;11765;14118;16471;18824;21177;23530;25883;28236;30589;32942;35295;37648;40001;42354;44707;47060
2354;4708;7062;9416;11770;14124;16478;18832;21186;23540;25894;28248;30602;32956;35310;37664;40018;42372;44726;47080
2355;4710;7065;9420;11775;14130;16485;18840;21195;23550;25905;28260;30615;32970;35325;37680;40035;42390;44745;47100
2356;4712;7068;9424;11780;14136;16492;18848;21204;23560;25916;28272;30628;32984;35340;37696;40052;42408;44764;47120
2357;4714;7071;9428;11785;14142;16499;18856;21213;23570;25927;28284;30641;32998;35355;37712;40069;42426;44783;47140
2358;4716;7074;9432;11790;14148;16506;18864;21222;23580;25938;28296;30654;33012;35370;37728;40086;42444;44802;47160
2359;4718;7077;9436;11795;14154;16513;18872;21231;23590;25949;28308;30667;33026;35385;37744;40103;42462;44821;47180
2360;4720;7080;9440;11800;14160;16520;18880;21240;23600;25960;28320;30680;33040;35400;37760;40120;42480;44840;47200
2361;4722;7083;9444;11805;14166;16527;18888;21249;23610;25971;28332;30693;33054;35415;37776;40137;42498;44859;47220
2362;4724;7086;9448;11810;14172;16534;18896;21258;23620;25982;28344;30706;33068;35430;37792;40154;42516;44878;47240
2363;4726;7089;9452;11815;14178;16541;18904;21267;23630;25993;28356;30719;33082;35445;37808;40171;42534;44897;47260
2364;4728;7092;9456;11820;14184;16548;18912;21276;23640;26004;28368;30732;33096;35460;37824;40188;42552;44916;47280
2365;4730;7095;9460;11825;14190;16555;18920;21285;23650;26015;28380;30745;33110;35475;37840;40205;42570;44935;47300
2366;4732;7098;9464;11830;14196;16562;18928;21294;23660;26026;28392;30758;33124;35490;37856;40222;42588;44954;47320
2367;4734;7101;9468;11835;14202;16569;18936;21303;23670;26037;28404;30771;33138;35505;37872;40239;42606;44973;47340
2368;4736;7104;9472;11840;14208;16576;18944;21312;23680;26048;28416;30784;33152;35520;37888;40256;42624;44992;47360
2369;4738;7107;9476;11845;14214;16583;18952;21321;23690;26059;28428;30797;33166;35535;37904;40273;42642;45011;47380
2370;4740;7110;9480;11850;14220;16590;18960;21330;23700;26070;28440;30810;33180;35550;37920;40290;42660;45030;47400
2371;4742;7113;9484;11855;14226;16597;18968;21339;23710;26081;28452;30823;33194;35565;37936;40307;42678;45049;47420
2372;4744;7116;9488;11860;14232;16604;18976;21348;23720;26092;28464;30836;33208;35580;37952;40324;42696;45068;47440
2373;4746;7119;9492;11865;14238;16611;18984;21357;23730;26103;28476;30849;33222;35595;37968;40341;42714;45087;47460
2374;4748;7122;9496;11870;14244;16618;18992;21366;23740;26114;28488;30862;33236;35610;37984;40358;42732;45106;47480
2375;4750;7125;9500;11875;14250;16625;19000;21375;23750;26125;28500;30875;33250;35625;38000;40375;42750;45125;47500
2376;4752;7128;9504;11880;14256;16632;19008;21384;23760;26136;28512;30888;33264;35640;38016;40392;42768;45144;47520
2377;4754;7131;9508;11885;14262;16639;19016;21393;23770;26147;28524;30901;33278;35655;38032;40409;42786;45163;47540
2378;4756;7134;9512;11890;14268;16646;19024;21402;23780;26158;28536;30914;33292;35670;38048;40426;42804;45182;47560
2379;4758;7137;9516;11895;14274;16653;19032;21411;23790;26169;28548;30927;33306;35685;38064;40443;42822;45201;47580
2380;4760;7140;9520;11900;14280;16660;19040;21420;23800;26180;28560;30940;33320;35700;38080;40460;42840;45220;47600
2381;4762;7143;9524;11905;14286;16667;19048;21429;23810;26191;28572;30953;33334;35715;38096;40477;42858;45239;47620
2382;4764;7146;9528;11910;14292;16674;19056;21438;23820;26202;28584;30966;33348;35730;38112;40494;42876;45258;47640
2383;4766;7149;9532;11915;14298;16681;19064;21447;23830;26213;28596;30979;33362;35745;38128;40511;42894;45277;47660
2384;4768;7152;9536;11920;14304;16688;19072;21456;23840;26224;28608;30992;33376;35760;38144;40528;42912;45296;47680
2385;4770;7155;9540;11925;14310;16695;19080;21465;23850;26235;28620;31005;33390;35775;38160;40545;42930;45315;47700
2386;4772;7158;9544;11930;14316;16702;19088;21474;23860;26246;28632;31018;33404;35790;38176;40562;42948;45334;47720
2387;4774;7161;9548;11935;14322;16709;19096;21483;23870;26257;28644;31031;33418;35805;38192;40579;42966;45353;47740
2388;4776;7164;9552;11940;14328;16716;19104;21492;23880;26268;28656;31044;33432;35820;38208;40596;42984;45372;47760
2389;4778;7167;9556;11945;14334;16723;19112;21501;23890;26279;28668;31057;33446;35835;38224;40613;43002;45391;47780
2390;4780;7170;9560;11950;14340;16730;19120;21510;23900;26290;28680;31070;33460;35850;38240;40630;43020;45410;47800
2391;4782;7173;9564;11955;14346;16737;19128;21519;23910;26301;28692;31083;33474;35865;38256;40647;43038;45429;47820
2392;4784;7176;9568;11960;14352;16744;19136;21528;23920;26312;28704;31096;33488;35880;38272;40664;43056;45448;47840
2393;4786;7179;9572;11965;14358;16751;19144;21537;23930;26323;28716;31109;33502;35895;38288;40681;43074;45467;47860
2394;4788;7182;9576;11970;14364;16758;19152;21546;23940;26334;28728;31122;33516;35910;38304;40698;43092;45486;47880
2395;4790;7185;9580;11975;14370;16765;19160;21555;23950;26345;28740;31135;33530;35925;38320;40715;43110;45505;47900
2396;4792;7188;9584;11980;14376;16772;19168;21564;23960;26356;28752;31148;33544;35940;38336;40732;43128;45524;47920
2397;4794;7191;9588;11985;14382;16779;19176;21573;23970;26367;28764;31161;33558;35955;38352;40749;43146;45543;47940
2398;4796;7194;9592;11990;14388;16786;19184;21582;23980;26378;28776;31174;33572;35970;38368;40766;43164;45562;47960
2399;4798;7197;9596;11995;14394;16793;19192;21591;23990;26389;28788;31187;33586;35985;38384;40783;43182;45581;47980
2400;4800;7200;9600;12000;14400;16800;19200;21600;24000;26400;28800;31200;33600;36000;38400;40800;43200;45600;48000
2401;4802;7203;9604;12005;14406;16807;19208;21609;24010;26411;28812;31213;33614;36015;38416;40817;43218;45619;48020
2402;4804;7206;9608;12010;14412;16814;19216;21618;24020;26422;28824;31226;33628;36030;38432;40834;43236;45638;48040
2403;4806;7209;9612;12015;14418;16821;19224;21627;24030;26433;28836;31239;33642;36045;38448;40851;43254;45657;48060
2404;4808;7212;9616;12020;14424;16828;19232;21636;24040;26444;28848;31252;33656;36060;38464;40868;43272;45676;48080
2405;4810;7215;9620;12025;14430;16835;19240;21645;24050;26455;28860;31265;33670;36075;38480;40885;43290;45695;48100
2406;4812;7218;9624;12030;14436;16842;19248;21654;24060;26466;28872;31278;33684;36090;38496;40902;43308;45714;48120
2407;4814;7221;9628;12035;14442;16849;19256;21663;24070;26477;28884;31291;33698;36105;38512;40919;43326;45733;48140
2408;4816;7224;9632;12040;14448;16856;19264;21672;24080;26488;28896;31304;33712;36120;38528;40936;43344;45752;48160
2409;4818;7227;9636;12045;14454;16863;19272;21681;24090;26499;28908;31317;33726;36135;38544;40953;43362;45771;48180
2410;4820;7230;9640;12050;14460;16870;19280;21690;24100;26510;28920;31330;33740;36150;38560;40970;43380;45790;48200
2411;4822;7233;9644;12055;14466;16877;19288;21699;24110;26521;28932;31343;33754;36165;38576;40987;43398;45809;48220
2412;4824;7236;9648;12060;14472;16884;19296;21708;24120;26532;28944;31356;33768;36180;38592;41004;43416;45828;48240
2413;4826;7239;9652;12065;14478;16891;19304;21717;24130;26543;28956;31369;33782;36195;38608;41021;43434;45847;48260
2414;4828;7242;9656;12070;14484;16898;19312;21726;24140;26554;28968;31382;33796;36210;38624;41038;43452;45866;48280
2415;4830;7245;9660;12075;14490;16905;19320;21735;24150;26565;28980;31395;33810;36225;38640;41055;43470;45885;48300
2416;4832;7248;9664;12080;14496;16912;19328;21744;24160;26576;28992;31408;33824;36240;38656;41072;43488;45904;48320
2417;4834;7251;9668;12085;14502;16919;19336;21753;24170;26587;29004;31421;33838;36255;38672;41089;43506;45923;48340
2418;4836;7254;9672;12090;14508;16926;19344;21762;24180;26598;29016;31434;33852;36270;38688;41106;43524;45942;48360
2419;4838;7257;9676;12095;14514;16933;19352;21771;24190;26609;29028;31447;33866;36285;38704;41123;43542;45961;48380
2420;4840;7260;9680;12100;14520;16940;19360;21780;24200;26620;29040;31460;33880;36300;38720;41140;43560;45980;48400
2421;4842;7263;9684;12105;14526;16947;19368;21789;24210;26631;29052;31473;33894;36315;38736;41157;43578;45999;48420
2422;4844;7266;9688;12110;14532;16954;19376;21798;24220;26642;29064;31486;33908;36330;38752;41174;43596;46018;48440
2423;4846;7269;9692;12115;14538;16961;19384;21807;24230;26653;29076;31499;33922;36345;38768;41191;43614;46037;48460
2424;4848;7272;9696;12120;14544;16968;19392;21816;24240;26664;29088;31512;33936;36360;38784;41208;43632;46056;48480
2425;4850;7275;9700;12125;14550;16975;19400;21825;24250;26675;29100;31525;33950;36375;38800;41225;43650;46075;48500
2426;4852;7278;9704;12130;14556;16982;19408;21834;24260;26686;29112;31538;33964;36390;38816;41242;43668;46094;48520
2427;4854;7281;9708;12135;14562;16989;19416;21843;24270;26697;29124;31551;33978;36405;38832;41259;43686;46113;48540
2428;4856;7284;9712;12140;14568;16996;19424;21852;24280;26708;29136;31564;33992;36420;38848;41276;43704;46132;48560
2429;4858;7287;9716;12145;14574;17003;19432;21861;24290;26719;29148;31577;34006;36435;38864;41293;43722;46151;48580
2430;4860;7290;9720;12150;14580;17010;19440;21870;24300;26730;29160;31590;34020;36450;38880;41310;43740;46170;48600
2431;4862;7293;9724;12155;14586;17017;19448;21879;24310;26741;29172;31603;34034;36465;38896;41327;43758;46189;48620
2432;4864;7296;9728;12160;14592;17024;19456;21888;24320;26752;29184;31616;34048;36480;38912;41344;43776;46208;48640
2433;4866;7299;9732;12165;14598;17031;19464;21897;24330;26763;29196;31629;34062;36495;38928;41361;43794;46227;48660
2434;4868;7302;9736;12170;14604;17038;19472;21906;24340;26774;29208;31642;34076;36510;38944;41378;43812;46246;48680
2435;4870;7305;9740;12175;14610;17045;19480;21915;24350;26785;29220;31655;34090;36525;38960;41395;43830;46265;48700
2436;4872;7308;9744;12180;14616;17052;19488;21924;24360;26796;29232;31668;34104;36540;38976;41412;43848;46284;48720
2437;4874;7311;9748;12185;14622;17059;19496;21933;24370;26807;29244;31681;34118;36555;38992;41429;43866;46303;48740
2438;4876;7314;9752;12190;14628;17066;19504;21942;24380;26818;29256;31694;34132;36570;39008;41446;43884;46322;48760
2439;4878;7317;9756;12195;14634;17073;19512;21951;24390;26829;29268;31707;34146;36585;39024;41463;43902;46341;48780
2440;4880;7320;9760;12200;14640;17080;19520;21960;24400;26840;29280;31720;34160;36600;39040;41480;43920;46360;48800
2441;4882;7323;9764;12205;14646;17087;19528;21969;24410;26851;29292;31733;34174;36615;39056;41497;43938;46379;48820
2442;4884;7326;9768;12210;14652;17094;19536;21978;24420;26862;29304;31746;34188;36630;39072;41514;43956;46398;48840
2443;4886;7329;9772;12215;14658;17101;19544;21987;24430;26873;29316;31759;34202;36645;39088;41531;43974;46417;48860
2444;4888;7332;9776;12220;14664;17108;19552;21996;24440;26884;29328;31772;34216;36660;39104;41548;43992;46436;48880
2445;4890;7335;9780;12225;14670;17115;19560;22005;24450;26895;29340;31785;34230;36675;39120;41565;44010;46455;48900
2446;4892;7338;9784;12230;14676;17122;19568;22014;24460;26906;29352;31798;34244;36690;39136;41582;44028;46474;48920
2447;4894;7341;9788;12235;14682;17129;19576;22023;24470;26917;29364;31811;34258;36705;39152;41599;44046;46493;48940
2448;4896;7344;9792;12240;14688;17136;19584;22032;24480;26928;29376;31824;34272;36720;39168;41616;44064;46512;48960
2449;4898;7347;9796;12245;14694;17143;19592;22041;24490;26939;29388;31837;34286;36735;39184;41633;44082;46531;48980
2450;4900;7350;9800;12250;14700;17150;19600;22050;24500;26950;29400;31850;34300;36750;39200;41650;44100;46550;49000
2451;4902;7353;9804;12255;14706;17157;19608;22059;24510;26961;29412;31863;34314;36765;39216;41667;44118;46569;49020
2452;4904;7356;9808;12260;14712;17164;19616;22068;24520;26972;29424;31876;34328;36780;39232;41684;44136;46588;49040
2453;4906;7359;9812;12265;14718;17171;19624;22077;24530;26983;29436;31889;34342;36795;39248;41701;44154;46607;49060
2454;4908;7362;9816;12270;14724;17178;19632;22086;24540;26994;29448;31902;34356;36810;39264;41718;44172;46626;49080
2455;4910;7365;9820;12275;14730;17185;19640;22095;24550;27005;29460;31915;34370;36825;39280;41735;44190;46645;49100
2456;4912;7368;9824;12280;14736;17192;19648;22104;24560;27016;29472;31928;34384;36840;39296;41752;44208;46664;49120
2457;4914;7371;9828;12285;14742;17199;19656;22113;24570;27027;29484;31941;34398;36855;39312;41769;44226;46683;49140
2458;4916;7374;9832;12290;14748;17206;19664;22122;24580;27038;29496;31954;34412;36870;39328;41786;44244;46702;49160
2459;4918;7377;9836;12295;14754;17213;19672;22131;24590;27049;29508;31967;34426;36885;39344;41803;44262;46721;49180
2460;4920;7380;9840;12300;14760;17220;19680;22140;24600;27060;29520;31980;34440;36900;39360;41820;44280;46740;49200
2461;4922;7383;9844;12305;14766;17227;19688;22149;24610;27071;29532;31993;34454;36915;39376;41837;44298;46759;49220
2462;4924;7386;9848;12310;14772;17234;19696;22158;24620;27082;29544;32006;34468;36930;39392;41854;44316;46778;49240
2463;4926;7389;9852;12315;14778;17241;19704;22167;24630;27093;29556;32019;34482;36945;39408;41871;44334;46797;49260
2464;4928;7392;9856;12320;14784;17248;19712;22176;24640;27104;29568;32032;34496;36960;39424;41888;44352;46816;49280
2465;4930;7395;9860;12325;14790;17255;19720;22185;24650;27115;29580;32045;34510;36975;39440;41905;44370;46835;49300
2466;4932;7398;9864;12330;14796;17262;19728;22194;24660;27126;29592;32058;34524;36990;39456;41922;44388;46854;49320
2467;4934;7401;9868;12335;14802;17269;19736;22203;24670;27137;29604;32071;34538;37005;39472;41939;44406;46873;49340
2468;4936;7404;9872;12340;14808;17276;19744;22212;24680;27148;29616;32084;34552;37020;39488;41956;44424;46892;49360
2469;4938;7407;9876;12345;14814;17283;19752;22221;24690;27159;29628;32097;34566;37035;39504;41973;44442;46911;49380
2470;4940;7410;9880;12350;14820;17290;19760;22230;24700;27170;29640;32110;34580;37050;39520;41990;44460;46930;49400
2471;4942;7413;9884;12355;14826;17297;19768;22239;24710;27181;29652;32123;34594;37065;39536;42007;44478;46949;49420
2472;4944;7416;9888;12360;14832;17304;19776;22248;24720;27192;29664;32136;34608;37080;39552;42024;44496;46968;49440
2473;4946;7419;9892;12365;14838;17311;19784;22257;24730;27203;29676;32149;34622;37095;39568;42041;44514;46987;49460
2474;4948;7422;9896;12370;14844;17318;19792;22266;24740;27214;29688;32162;34636;37110;39584;42058;44532;47006;49480
2475;4950;7425;9900;12375;14850;17325;19800;22275;24750;27225;29700;32175;34650;37125;39600;42075;44550;47025;49500
2476;4952;7428;9904;12380;14856;17332;19808;22284;24760;27236;29712;32188;34664;37140;39616;42092;44568;47044;49520
2477;4954;7431;9908;12385;14862;17339;19816;22293;24770;27247;29724;32201;34678;37155;39632;42109;44586;47063;49540
2478;4956;7434;9912;12390;14868;17346;19824;22302;24780;27258;29736;32214;34692;37170;39648;42126;44604;47082;49560
2479;4958;7437;9916;12395;14874;17353;19832;22311;24790;27269;29748;32227;34706;37185;39664;42143;44622;47101;49580
2480;4960;7440;9920;12400;14880;17360;19840;22320;24800;27280;29760;32240;34720;37200;39680;42160;44640;47120;49600
2481;4962;7443;9924;12405;14886;17367;19848;22329;24810;27291;29772;32253;34734;37215;39696;42177;44658;47139;49620
2482;4964;7446;9928;12410;14892;17374;19856;22338;24820;27302;29784;32266;34748;37230;39712;42194;44676;47158;49640
2483;4966;7449;9932;12415;14898;17381;19864;22347;24830;27313;29796;32279;34762;37245;39728;42211;44694;47177;49660
2484;4968;7452;9936;12420;14904;17388;19872;22356;24840;27324;29808;32292;34776;37260;39744;42228;44712;47196;49680
2485;4970;7455;9940;12425;14910;17395;19880;22365;24850;27335;29820;32305;34790;37275;39760;42245;44730;47215;49700
2486;4972;7458;9944;12430;14916;17402;19888;22374;24860;27346;29832;32318;34804;37290;39776;42262;44748;47234;49720
2487;4974;7461;9948;12435;14922;17409;19896;22383;24870;27357;29844;32331;34818;37305;39792;42279;44766;47253;49740
2488;4976;7464;9952;12440;14928;17416;19904;22392;24880;27368;29856;32344;34832;37320;39808;42296;44784;47272;49760
2489;4978;7467;9956;12445;14934;17423;19912;22401;24890;27379;29868;32357;34846;37335;39824;42313;44802;47291;49780
2490;4980;7470;9960;12450;14940;17430;19920;22410;24900;27390;29880;32370;34860;37350;39840;42330;44820;47310;49800
2491;4982;7473;9964;12455;14946;17437;19928;22419;24910;27401;29892;32383;34874;37365;39856;42347;44838;47329;49820
2492;4984;7476;9968;12460;14952;17444;19936;22428;24920;27412;29904;32396;34888;37380;39872;42364;44856;47348;49840
2493;4986;7479;9972;12465;14958;17451;19944;22437;24930;27423;29916;32409;34902;37395;39888;42381;44874;47367;49860
2494;4988;7482;9976;12470;14964;17458;19952;22446;24940;27434;29928;32422;34916;37410;39904;42398;44892;47386;49880
2495;4990;7485;9980;12475;14970;17465;19960;22455;24950;27445;29940;32435;34930;37425;39920;42415;44910;47405;49900
2496;4992;7488;9984;12480;14976;17472;19968;22464;24960;27456;29952;32448;34944;37440;39936;42432;44928;47424;49920
2497;4994;7491;9988;12485;14982;17479;19976;22473;24970;27467;29964;32461;34958;37455;39952;42449;44946;47443;49940
2498;4996;7494;9992;12490;14988;17486;19984;22482;24980;27478;29976;32474;34972;37470;39968;42466;44964;47462;49960
2499;4998;7497;9996;12495;14994;17493;19992;22491;24990;27489;29988;32487;34986;37485;39984;42483;44982;47481;49980
2500;5000;7500;10000;12500;15000;17500;20000;22500;25000;27500;30000;32500;35000;37500;40000;42500;45000;47500;50000
2501;5002;7503;10004;12505;15006;17507;20008;22509;25010;27511;30012;32513;35014;37515;40016;42517;45018;47519;50020
2502;5004;7506;10008;12510;15012;17514;20016;22518;25020;27522;30024;32526;35028;37530;40032;42534;45036;47538;50040
2503;5006;7509;10012;12515;15018;17521;20024;22527;25030;27533;30036;32539;35042;37545;40048;42551;45054;47557;50060
2504;5008;7512;10016;12520;15024;17528;20032;22536;25040;27544;30048;32552;35056;37560;40064;42568;45072;47576;50080
2505;5010;7515;10020;12525;15030;17535;20040;22545;25050;27555;30060;32565;35070;37575;40080;42585;45090;47595;50100
2506;5012;7518;10024;12530;15036;17542;20048;22554;25060;27566;30072;32578;35084;37590;40096;42602;45108;47614;50120
2507;5014;7521;10028;12535;15042;17549;20056;22563;25070;27577;30084;32591;35098;37605;40112;42619;45126;47633;50140
2508;5016;7524;10032;12540;15048;17556;20064;22572;25080;27588;30096;32604;35112;37620;40128;42636;45144;47652;50160
2509;5018;7527;10036;12545;15054;17563;20072;22581;25090;27599;30108;32617;35126;37635;40144;42653;45162;47671;50180
2510;5020;7530;10040;12550;15060;17570;20080;22590;25100;27610;30120;32630;35140;37650;40160;42670;45180;47690;50200
2511;5022;7533;10044;12555;15066;17577;20088;22599;25110;27621;30132;32643;35154;37665;40176;42687;45198;47709;50220
2512;5024;7536;10048;12560;15072;17584;20096;22608;25120;27632;30144;32656;35168;37680;40192;42704;45216;47728;50240
2513;5026;7539;10052;12565;15078;17591;20104;22617;25130;27643;30156;32669;35182;37695;40208;42721;45234;47747;50260
2514;5028;7542;10056;12570;15084;17598;20112;22626;25140;27654;30168;32682;35196;37710;40224;42738;45252;47766;50280
2515;5030;7545;10060;12575;15090;17605;20120;22635;25150;27665;30180;32695;35210;37725;40240;42755;45270;47785;50300
2516;5032;7548;10064;12580;15096;17612;20128;22644;25160;27676;30192;32708;35224;37740;40256;42772;45288;47804;50320
2517;5034;7551;10068;12585;15102;17619;20136;22653;25170;27687;30204;32721;35238;37755;40272;42789;45306;47823;50340
2518;5036;7554;10072;12590;15108;17626;20144;22662;25180;27698;30216;32734;35252;37770;40288;42806;45324;47842;50360
2519;5038;7557;10076;12595;15114;17633;20152;22671;25190;27709;30228;32747;35266;37785;40304;42823;45342;47861;50380
2520;5040;7560;10080;12600;15120;17640;20160;22680;25200;27720;30240;32760;35280;37800;40320;42840;45360;47880;50400
2521;5042;7563;10084;12605;15126;17647;20168;22689;25210;27731;30252;32773;35294;37815;40336;42857;45378;47899;50420
2522;5044;7566;10088;12610;15132;17654;20176;22698;25220;27742;30264;32786;35308;37830;40352;42874;45396;47918;50440
2523;5046;7569;10092;12615;15138;17661;20184;22707;25230;27753;30276;32799;35322;37845;40368;42891;45414;47937;50460
2524;5048;7572;10096;12620;15144;17668;20192;22716;25240;27764;30288;32812;35336;37860;40384;42908;45432;47956;50480
2525;5050;7575;10100;12625;15150;17675;20200;22725;25250;27775;30300;32825;35350;37875;40400;42925;45450;47975;50500
2526;5052;7578;10104;12630;15156;17682;20208;22734;25260;27786;30312;32838;35364;37890;40416;42942;45468;47994;50520
2527;5054;7581;10108;12635;15162;17689;20216;22743;25270;27797;30324;32851;35378;37905;40432;42959;45486;48013;50540
2528;5056;7584;10112;12640;15168;17696;20224;22752;25280;27808;30336;32864;35392;37920;40448;42976;45504;48032;50560
2529;5058;7587;10116;12645;15174;17703;20232;22761;25290;27819;30348;32877;35406;37935;40464;42993;45522;48051;50580
2530;5060;7590;10120;12650;15180;17710;20240;22770;25300;27830;30360;32890;35420;37950;40480;43010;45540;48070;50600
2531;5062;7593;10124;12655;15186;17717;20248;22779;25310;27841;30372;32903;35434;37965;40496;43027;45558;48089;50620
2532;5064;7596;10128;12660;15192;17724;20256;22788;25320;27852;30384;32916;35448;37980;40512;43044;45576;48108;50640
2533;5066;7599;10132;12665;15198;17731;20264;22797;25330;27863;30396;32929;35462;37995;40528;43061;45594;48127;50660
2534;5068;7602;10136;12670;15204;17738;20272;22806;25340;27874;30408;32942;35476;38010;40544;43078;45612;48146;50680
2535;5070;7605;10140;12675;15210;17745;20280;22815;25350;27885;30420;32955;35490;38025;40560;43095;45630;48165;50700
2536;5072;7608;10144;12680;15216;17752;20288;22824;25360;27896;30432;32968;35504;38040;40576;43112;45648;48184;50720
2537;5074;7611;10148;12685;15222;17759;20296;22833;25370;27907;30444;32981;35518;38055;40592;43129;45666;48203;50740
2538;5076;7614;10152;12690;15228;17766;20304;22842;25380;27918;30456;32994;35532;38070;40608;43146;45684;48222;50760
2539;5078;7617;10156;12695;15234;17773;20312;22851;25390;27929;30468;33007;35546;38085;40624;43163;45702;48241;50780
2540;5080;7620;10160;12700;15240;17780;20320;22860;25400;27940;30480;33020;35560;38100;40640;43180;45720;48260;50800
2541;5082;7623;10164;12705;15246;17787;20328;22869;25410;27951;30492;33033;35574;38115;40656;43197;45738;48279;50820
2542;5084;7626;10168;12710;15252;17794;20336;22878;25420;27962;30504;33046;35588;38130;40672;43214;45756;48298;50840
2543;5086;7629;10172;12715;15258;17801;20344;22887;25430;27973;30516;33059;35602;38145;40688;43231;45774;48317;50860
2544;5088;7632;10176;12720;15264;17808;20352;22896;25440;27984;30528;33072;35616;38160;40704;43248;45792;48336;50880
2545;5090;7635;10180;12725;15270;17815;20360;22905;25450;27995;30540;33085;35630;38175;40720;43265;45810;48355;50900
2546;5092;7638;10184;12730;15276;17822;20368;22914;25460;28006;30552;33098;35644;38190;40736;43282;45828;48374;50920
2547;5094;7641;10188;12735;15282;17829;20376;22923;25470;28017;30564;33111;35658;38205;40752;43299;45846;48393;50940
2548;5096;7644;10192;12740;15288;17836;20384;22932;25480;28028;30576;33124;35672;38220;40768;43316;45864;48412;50960
2549;5098;7647;10196;12745;15294;17843;20392;22941;25490;28039;30588;33137;35686;38235;40784;43333;45882;48431;50980
2550;5100;7650;10200;12750;15300;17850;20400;22950;25500;28050;30600;33150;35700;38250;40800;43350;45900;48450;51000
2551;5102;7653;10204;12755;15306;17857;20408;22959;25510;28061;30612;33163;35714;38265;40816;43367;45918;48469;51020
2552;5104;7656;10208;12760;15312;17864;20416;22968;25520;28072;30624;33176;35728;38280;40832;43384;45936;48488;51040
2553;5106;7659;10212;12765;15318;17871;20424;22977;25530;28083;30636;33189;35742;38295;40848;43401;45954;48507;51060
2554;5108;7662;10216;12770;15324;17878;20432;22986;25540;28094;30648;33202;35756;38310;40864;43418;45972;48526;51080
2555;5110;7665;10220;12775;15330;17885;20440;22995;25550;28105;30660;33215;35770;38325;40880;43435;45990;48545;51100
2556;5112;7668;10224;12780;15336;17892;20448;23004;25560;28116;30672;33228;35784;38340;40896;43452;46008;48564;51120
2557;5114;7671;10228;12785;15342;17899;20456;23013;25570;28127;30684;33241;35798;38355;40912;43469;46026;48583;51140
2558;5116;7674;10232;12790;15348;17906;20464;23022;25580;28138;30696;33254;35812;38370;40928;43486;46044;48602;51160
2559;5118;7677;10236;12795;15354;17913;20472;23031;25590;28149;30708;33267;35826;38385;40944;43503;46062;48621;51180
2560;5120;7680;10240;12800;15360;17920;20480;23040;25600;28160;30720;33280;35840;38400;40960;43520;46080;48640;51200
2561;5122;7683;10244;12805;15366;17927;20488;23049;25610;28171;30732;33293;35854;38415;40976;43537;46098;48659;51220
2562;5124;7686;10248;12810;15372;17934;20496;23058;25620;28182;30744;33306;35868;38430;40992;43554;46116;48678;51240
2563;5126;7689;10252;12815;15378;17941;20504;23067;25630;28193;30756;33319;35882;38445;41008;43571;46134;48697;51260
2564;5128;7692;10256;12820;15384;17948;20512;23076;25640;28204;30768;33332;35896;38460;41024;43588;46152;48716;51280
2565;5130;7695;10260;12825;15390;17955;20520;23085;25650;28215;30780;33345;35910;38475;41040;43605;46170;48735;51300
2566;5132;7698;10264;12830;15396;17962;20528;23094;25660;28226;30792;33358;35924;38490;41056;43622;46188;48754;51320
2567;5134;7701;10268;12835;15402;17969;20536;23103;25670;28237;30804;33371;35938;38505;41072;43639;46206;48773;51340
2568;5136;7704;10272;12840;15408;17976;20544;23112;25680;28248;30816;33384;35952;38520;41088;43656;46224;48792;51360
2569;5138;7707;10276;12845;15414;17983;20552;23121;25690;28259;30828;33397;35966;38535;41104;43673;46242;48811;51380
2570;5140;7710;10280;12850;15420;17990;20560;23130;25700;28270;30840;33410;35980;38550;41120;43690;46260;48830;51400
2571;5142;7713;10284;12855;15426;17997;20568;23139;25710;28281;30852;33423;35994;38565;41136;43707;46278;48849;51420
2572;5144;7716;10288;12860;15432;18004;20576;23148;25720;28292;30864;33436;36008;38580;41152;43724;46296;48868;51440
2573;5146;7719;10292;12865;15438;18011;20584;23157;25730;28303;30876;33449;36022;38595;41168;43741;46314;48887;51460
2574;5148;7722;10296;12870;15444;18018;20592;23166;25740;28314;30888;33462;36036;38610;41184;43758;46332;48906;51480
2575;5150;7725;10300;12875;15450;18025;20600;23175;25750;28325;30900;33475;36050;38625;41200;43775;46350;48925;51500
2576;5152;7728;10304;12880;15456;18032;20608;23184;25760;28336;30912;33488;36064;38640;41216;43792;46368;48944;51520
2577;5154;7731;10308;12885;15462;18039;20616;23193;25770;28347;30924;33501;36078;38655;41232;43809;46386;48963;51540
2578;5156;7734;10312;12890;15468;18046;20624;23202;25780;28358;30936;33514;36092;38670;41248;43826;46404;48982;51560
2579;5158;7737;10316;12895;15474;18053;20632;23211;25790;28369;30948;33527;36106;38685;41264;43843;46422;49001;51580
2580;5160;7740;10320;12900;15480;18060;20640;23220;25800;28380;30960;33540;36120;38700;41280;43860;46440;49020;51600
2581;5162;7743;10324;12905;15486;18067;20648;23229;25810;28391;30972;33553;36134;38715;41296;43877;46458;49039;51620
2582;5164;7746;10328;12910;15492;18074;20656;23238;25820;28402;30984;33566;36148;38730;41312;43894;46476;49058;51640
2583;5166;7749;10332;12915;15498;18081;20664;23247;25830;28413;30996;33579;36162;38745;41328;43911;46494;49077;51660
2584;5168;7752;10336;12920;15504;18088;20672;23256;25840;28424;31008;33592;36176;38760;41344;43928;46512;49096;51680
2585;5170;7755;10340;12925;15510;18095;20680;23265;25850;28435;31020;33605;36190;38775;41360;43945;46530;49115;51700
2586;5172;7758;10344;12930;15516;18102;20688;23274;25860;28446;31032;33618;36204;38790;41376;43962;46548;49134;51720
2587;5174;7761;10348;12935;15522;18109;20696;23283;25870;28457;31044;33631;36218;38805;41392;43979;46566;49153;51740
2588;5176;7764;10352;12940;15528;18116;20704;23292;25880;28468;31056;33644;36232;38820;41408;43996;46584;49172;51760
2589;5178;7767;10356;12945;15534;18123;20712;23301;25890;28479;31068;33657;36246;38835;41424;44013;46602;49191;51780
2590;5180;7770;10360;12950;15540;18130;20720;23310;25900;28490;31080;33670;36260;38850;41440;44030;46620;49210;51800
2591;5182;7773;10364;12955;15546;18137;20728;23319;25910;28501;31092;33683;36274;38865;41456;44047;46638;49229;51820
2592;5184;7776;10368;12960;15552;18144;20736;23328;25920;28512;31104;33696;36288;38880;41472;44064;46656;49248;51840
2593;5186;7779;10372;12965;15558;18151;20744;23337;25930;28523;31116;33709;36302;38895;41488;44081;46674;49267;51860
2594;5188;7782;10376;12970;15564;18158;20752;23346;25940;28534;31128;33722;36316;38910;41504;44098;46692;49286;51880
2595;5190;7785;10380;12975;15570;18165;20760;23355;25950;28545;31140;33735;36330;38925;41520;44115;46710;49305;51900
2596;5192;7788;10384;12980;15576;18172;20768;23364;25960;28556;31152;33748;36344;38940;41536;44132;46728;49324;51920
2597;5194;7791;10388;12985;15582;18179;20776;23373;25970;28567;31164;33761;36358;38955;41552;44149;46746;49343;51940
2598;5196;7794;10392;12990;15588;18186;20784;23382;25980;28578;31176;33774;36372;38970;41568;44166;46764;49362;51960
2599;5198;7797;10396;12995;15594;18193;20792;23391;25990;28589;31188;33787;36386;38985;41584;44183;46782;49381;51980
2600;5200;7800;10400;13000;15600;18200;20800;23400;26000;28600;31200;33800;36400;39000;41600;44200;46800;49400;52000
2601;5202;7803;10404;13005;15606;18207;20808;23409;26010;28611;31212;33813;36414;39015;41616;44217;46818;49419;52020
2602;5204;7806;10408;13010;15612;18214;20816;23418;26020;28622;31224;33826;36428;39030;41632;44234;46836;49438;52040
2603;5206;7809;10412;13015;15618;18221;20824;23427;26030;28633;31236;33839;36442;39045;41648;44251;46854;49457;52060
2604;5208;7812;10416;13020;15624;18228;20832;23436;26040;28644;31248;33852;36456;39060;41664;44268;46872;49476;52080
2605;5210;7815;10420;13025;15630;18235;20840;23445;26050;28655;31260;33865;36470;39075;41680;44285;46890;49495;52100
2606;5212;7818;10424;13030;15636;18242;20848;23454;26060;28666;31272;33878;36484;39090;41696;44302;46908;49514;52120
2607;5214;7821;10428;13035;15642;18249;20856;23463;26070;28677;31284;33891;36498;39105;41712;44319;46926;49533;52140
2608;5216;7824;10432;13040;15648;18256;20864;23472;26080;28688;31296;33904;36512;39120;41728;44336;46944;49552;52160
2609;5218;7827;10436;13045;15654;18263;20872;23481;26090;28699;31308;33917;36526;39135;41744;44353;46962;49571;52180
2610;5220;7830;10440;13050;15660;18270;20880;23490;26100;28710;31320;33930;36540;39150;41760;44370;46980;49590;52200
2611;5222;7833;10444;13055;15666;18277;20888;23499;26110;28721;31332;33943;36554;39165;41776;44387;46998;49609;52220
2612;5224;7836;10448;13060;15672;18284;20896;23508;26120;28732;31344;33956;36568;39180;41792;44404;47016;49628;52240
2613;5226;7839;10452;13065;15678;18291;20904;23517;26130;28743;31356;33969;36582;39195;41808;44421;47034;49647;52260
2614;5228;7842;10456;13070;15684;18298;20912;23526;26140;28754;31368;33982;36596;39210;41824;44438;47052;49666;52280
2615;5230;7845;10460;13075;15690;18305;20920;23535;26150;28765;31380;33995;36610;39225;41840;44455;47070;49685;52300
2616;5232;7848;10464;13080;15696;18312;20928;23544;26160;28776;31392;34008;36624;39240;41856;44472;47088;49704;52320
2617;5234;7851;10468;13085;15702;18319;20936;23553;26170;28787;31404;34021;36638;39255;41872;44489;47106;49723;52340
2618;5236;7854;10472;13090;15708;18326;20944;23562;26180;28798;31416;34034;36652;39270;41888;44506;47124;49742;52360
2619;5238;7857;10476;13095;15714;18333;20952;23571;26190;28809;31428;34047;36666;39285;41904;44523;47142;49761;52380
2620;5240;7860;10480;13100;15720;18340;20960;23580;26200;28820;31440;34060;36680;39300;41920;44540;47160;49780;52400
2621;5242;7863;10484;13105;15726;18347;20968;23589;26210;28831;31452;34073;36694;39315;41936;44557;47178;49799;52420
2622;5244;7866;10488;13110;15732;18354;20976;23598;26220;28842;31464;34086;36708;39330;41952;44574;47196;49818;52440
2623;5246;7869;10492;13115;15738;18361;20984;23607;26230;28853;31476;34099;36722;39345;41968;44591;47214;49837;52460
2624;5248;7872;10496;13120;15744;18368;20992;23616;26240;28864;31488;34112;36736;39360;41984;44608;47232;49856;52480
2625;5250;7875;10500;13125;15750;18375;21000;23625;26250;28875;31500;34125;36750;39375;42000;44625;47250;49875;52500
2626;5252;7878;10504;13130;15756;18382;21008;23634;26260;28886;31512;34138;36764;39390;42016;44642;47268;49894;52520
2627;5254;7881;10508;13135;15762;18389;21016;23643;26270;28897;31524;34151;36778;39405;42032;44659;47286;49913;52540
2628;5256;7884;10512;13140;15768;18396;21024;23652;26280;28908;31536;34164;36792;39420;42048;44676;47304;49932;52560
2629;5258;7887;10516;13145;15774;18403;21032;23661;26290;28919;31548;34177;36806;39435;42064;44693;47322;49951;52580
2630;5260;7890;10520;13150;15780;18410;21040;23670;26300;28930;31560;34190;36820;39450;42080;44710;47340;49970;52600
2631;5262;7893;10524;13155;15786;18417;21048;23679;26310;28941;31572;34203;36834;39465;42096;44727;47358;49989;52620
2632;5264;7896;10528;13160;15792;18424;21056;23688;26320;28952;31584;34216;36848;39480;42112;44744;47376;50008;52640
2633;5266;7899;10532;13165;15798;18431;21064;23697;26330;28963;31596;34229;36862;39495;42128;44761;47394;50027;52660
2634;5268;7902;10536;13170;15804;18438;21072;23706;26340;28974;31608;34242;36876;39510;42144;44778;47412;50046;52680
2635;5270;7905;10540;13175;15810;18445;21080;23715;26350;28985;31620;34255;36890;39525;42160;44795;47430;50065;52700
2636;5272;7908;10544;13180;15816;18452;21088;23724;26360;28996;31632;34268;36904;39540;42176;44812;47448;50084;52720
2637;5274;7911;10548;13185;15822;18459;21096;23733;26370;29007;31644;34281;36918;39555;42192;44829;47466;50103;52740
2638;5276;7914;10552;13190;15828;18466;21104;23742;26380;29018;31656;34294;36932;39570;42208;44846;47484;50122;52760
2639;5278;7917;10556;13195;15834;18473;21112;23751;26390;29029;31668;34307;36946;39585;42224;44863;47502;50141;52780
2640;5280;7920;10560;13200;15840;18480;21120;23760;26400;29040;31680;34320;36960;39600;42240;44880;47520;50160;52800
2641;5282;7923;10564;13205;15846;18487;21128;23769;26410;29051;31692;34333;36974;39615;42256;44897;47538;50179;52820
2642;5284;7926;10568;13210;15852;18494;21136;23778;26420;29062;31704;34346;36988;39630;42272;44914;47556;50198;52840
2643;5286;7929;10572;13215;15858;18501;21144;23787;26430;29073;31716;34359;37002;39645;42288;44931;47574;50217;52860
2644;5288;7932;10576;13220;15864;18508;21152;23796;26440;29084;31728;34372;37016;39660;42304;44948;47592;50236;52880
2645;5290;7935;10580;13225;15870;18515;21160;23805;26450;29095;31740;34385;37030;39675;42320;44965;47610;50255;52900
2646;5292;7938;10584;13230;15876;18522;21168;23814;26460;29106;31752;34398;37044;39690;42336;44982;47628;50274;52920
2647;5294;7941;10588;13235;15882;18529;21176;23823;26470;29117;31764;34411;37058;39705;42352;44999;47646;50293;52940
2648;5296;7944;10592;13240;15888;18536;21184;23832;26480;29128;31776;34424;37072;39720;42368;45016;47664;50312;52960
2649;5298;7947;10596;13245;15894;18543;21192;23841;26490;29139;31788;34437;37086;39735;42384;45033;47682;50331;52980
2650;5300;7950;10600;13250;15900;18550;21200;23850;26500;29150;31800;34450;37100;39750;42400;45050;47700;50350;53000
2651;5302;7953;10604;13255;15906;18557;21208;23859;26510;29161;31812;34463;37114;39765;42416;45067;47718;50369;53020
2652;5304;7956;10608;13260;15912;18564;21216;23868;26520;29172;31824;34476;37128;39780;42432;45084;47736;50388;53040
2653;5306;7959;10612;13265;15918;18571;21224;23877;26530;29183;31836;34489;37142;39795;42448;45101;47754;50407;53060
2654;5308;7962;10616;13270;15924;18578;21232;23886;26540;29194;31848;34502;37156;39810;42464;45118;47772;50426;53080
2655;5310;7965;10620;13275;15930;18585;21240;23895;26550;29205;31860;34515;37170;39825;42480;45135;47790;50445;53100
2656;5312;7968;10624;13280;15936;18592;21248;23904;26560;29216;31872;34528;37184;39840;42496;45152;47808;50464;53120
2657;5314;7971;10628;13285;15942;18599;21256;23913;26570;29227;31884;34541;37198;39855;42512;45169;47826;50483;53140
2658;5316;7974;10632;13290;15948;18606;21264;23922;26580;29238;31896;34554;37212;39870;42528;45186;47844;50502;53160
2659;5318;7977;10636;13295;15954;18613;21272;23931;26590;29249;31908;34567;37226;39885;42544;45203;47862;50521;53180
2660;5320;7980;10640;13300;15960;18620;21280;23940;26600;29260;31920;34580;37240;39900;42560;45220;47880;50540;53200
2661;5322;7983;10644;13305;15966;18627;21288;23949;26610;29271;31932;34593;37254;39915;42576;45237;47898;50559;53220
2662;5324;7986;10648;13310;15972;18634;21296;23958;26620;29282;31944;34606;37268;39930;42592;45254;47916;50578;53240
2663;5326;7989;10652;13315;15978;18641;21304;23967;26630;29293;31956;34619;37282;39945;42608;45271;47934;50597;53260
2664;5328;7992;10656;13320;15984;18648;21312;23976;26640;29304;31968;34632;37296;39960;42624;45288;47952;50616;53280
2665;5330;7995;10660;13325;15990;18655;21320;23985;26650;29315;31980;34645;37310;39975;42640;45305;47970;50635;53300
2666;5332;7998;10664;13330;15996;18662;21328;23994;26660;29326;31992;34658;37324;39990;42656;45322;47988;50654;53320
2667;5334;8001;10668;13335;16002;18669;21336;24003;26670;29337;32004;34671;37338;40005;42672;45339;48006;50673;53340
2668;5336;8004;10672;13340;16008;18676;21344;24012;26680;29348;32016;34684;37352;40020;42688;45356;48024;50692;53360
2669;5338;8007;10676;13345;16014;18683;21352;24021;26690;29359;32028;34697;37366;40035;42704;45373;48042;50711;53380
2670;5340;8010;10680;13350;16020;18690;21360;24030;26700;29370;32040;34710;37380;40050;42720;45390;48060;50730;53400
2671;5342;8013;10684;13355;16026;18697;21368;24039;26710;29381;32052;34723;37394;40065;42736;45407;48078;50749;53420
2672;5344;8016;10688;13360;16032;18704;21376;24048;26720;29392;32064;34736;37408;40080;42752;45424;48096;50768;53440
2673;5346;8019;10692;13365;16038;18711;21384;24057;26730;29403;32076;34749;37422;40095;42768;45441;48114;50787;53460
2674;5348;8022;10696;13370;16044;18718;21392;24066;26740;29414;32088;34762;37436;40110;42784;45458;48132;50806;53480
2675;5350;8025;10700;13375;16050;18725;21400;24075;26750;29425;32100;34775;37450;40125;42800;45475;48150;50825;53500
2676;5352;8028;10704;13380;16056;18732;21408;24084;26760;29436;32112;34788;37464;40140;42816;45492;48168;50844;53520
2677;5354;8031;10708;13385;16062;18739;21416;24093;26770;29447;32124;34801;37478;40155;42832;45509;48186;50863;53540
2678;5356;8034;10712;13390;16068;18746;21424;24102;26780;29458;32136;34814;37492;40170;42848;45526;48204;50882;53560
2679;5358;8037;10716;13395;16074;18753;21432;24111;26790;29469;32148;34827;37506;40185;42864;45543;48222;50901;53580
2680;5360;8040;10720;13400;16080;18760;21440;24120;26800;29480;32160;34840;37520;40200;42880;45560;48240;50920;53600
2681;5362;8043;10724;13405;16086;18767;21448;24129;26810;29491;32172;34853;37534;40215;42896;45577;48258;50939;53620
2682;5364;8046;10728;13410;16092;18774;21456;24138;26820;29502;32184;34866;37548;40230;42912;45594;48276;50958;53640
2683;5366;8049;10732;13415;16098;18781;21464;24147;26830;29513;32196;34879;37562;40245;42928;45611;48294;50977;53660
2684;5368;8052;10736;13420;16104;18788;21472;24156;26840;29524;32208;34892;37576;40260;42944;45628;48312;50996;53680
2685;5370;8055;10740;13425;16110;18795;21480;24165;26850;29535;32220;34905;37590;40275;42960;45645;48330;51015;53700
2686;5372;8058;10744;13430;16116;18802;21488;24174;26860;29546;32232;34918;37604;40290;42976;45662;48348;51034;53720
2687;5374;8061;10748;13435;16122;18809;21496;24183;26870;29557;32244;34931;37618;40305;42992;45679;48366;51053;53740
2688;5376;8064;10752;13440;16128;18816;21504;24192;26880;29568;32256;34944;37632;40320;43008;45696;48384;51072;53760
2689;5378;8067;10756;13445;16134;18823;21512;24201;26890;29579;32268;34957;37646;40335;43024;45713;48402;51091;53780
2690;5380;8070;10760;13450;16140;18830;21520;24210;26900;29590;32280;34970;37660;40350;43040;45730;48420;51110;53800
2691;5382;8073;10764;13455;16146;18837;21528;24219;26910;29601;32292;34983;37674;40365;43056;45747;48438;51129;53820
2692;5384;8076;10768;13460;16152;18844;21536;24228;26920;29612;32304;34996;37688;40380;43072;45764;48456;51148;53840
2693;5386;8079;10772;13465;16158;18851;21544;24237;26930;29623;32316;35009;37702;40395;43088;45781;48474;51167;53860
2694;5388;8082;10776;13470;16164;18858;21552;24246;26940;29634;32328;35022;37716;40410;43104;45798;48492;51186;53880
2695;5390;8085;10780;13475;16170;18865;21560;24255;26950;29645;32340;35035;37730;40425;43120;45815;48510;51205;53900
2696;5392;8088;10784;13480;16176;18872;21568;24264;26960;29656;32352;35048;37744;40440;43136;45832;48528;51224;53920
2697;5394;8091;10788;13485;16182;18879;21576;24273;26970;29667;32364;35061;37758;40455;43152;45849;48546;51243;53940
2698;5396;8094;10792;13490;16188;18886;21584;24282;26980;29678;32376;35074;37772;40470;43168;45866;48564;51262;53960
2699;5398;8097;10796;13495;16194;18893;21592;24291;26990;29689;32388;35087;37786;40485;43184;45883;48582;51281;53980
2700;5400;8100;10800;13500;16200;18900;21600;24300;27000;29700;32400;35100;37800;40500;43200;45900;48600;51300;54000
2701;5402;8103;10804;13505;16206;18907;21608;24309;27010;29711;32412;35113;37814;40515;43216;45917;48618;51319;54020
2702;5404;8106;10808;13510;16212;18914;21616;24318;27020;29722;32424;35126;37828;40530;43232;45934;48636;51338;54040
2703;5406;8109;10812;13515;16218;18921;21624;24327;27030;29733;32436;35139;37842;40545;43248;45951;48654;51357;54060
2704;5408;8112;10816;13520;16224;18928;21632;24336;27040;29744;32448;35152;37856;40560;43264;45968;48672;51376;54080
2705;5410;8115;10820;13525;16230;18935;21640;24345;27050;29755;32460;35165;37870;40575;43280;45985;48690;51395;54100
2706;5412;8118;10824;13530;16236;18942;21648;24354;27060;29766;32472;35178;37884;40590;43296;46002;48708;51414;54120
2707;5414;8121;10828;13535;16242;18949;21656;24363;27070;29777;32484;35191;37898;40605;43312;46019;48726;51433;54140
2708;5416;8124;10832;13540;16248;18956;21664;24372;27080;29788;32496;35204;37912;40620;43328;46036;48744;51452;54160
2709;5418;8127;10836;13545;16254;18963;21672;24381;27090;29799;32508;35217;37926;40635;43344;46053;48762;51471;54180
2710;5420;8130;10840;13550;16260;18970;21680;24390;27100;29810;32520;35230;37940;40650;43360;46070;48780;51490;54200
2711;5422;8133;10844;13555;16266;18977;21688;24399;27110;29821;32532;35243;37954;40665;43376;46087;48798;51509;54220
2712;5424;8136;10848;13560;16272;18984;21696;24408;27120;29832;32544;35256;37968;40680;43392;46104;48816;51528;54240
2713;5426;8139;10852;13565;16278;18991;21704;24417;27130;29843;32556;35269;37982;40695;43408;46121;48834;51547;54260
2714;5428;8142;10856;13570;16284;18998;21712;24426;27140;29854;32568;35282;37996;40710;43424;46138;48852;51566;54280
2715;5430;8145;10860;13575;16290;19005;21720;24435;27150;29865;32580;35295;38010;40725;43440;46155;48870;51585;54300
2716;5432;8148;10864;13580;16296;19012;21728;24444;27160;29876;32592;35308;38024;40740;43456;46172;48888;51604;54320
2717;5434;8151;10868;13585;16302;19019;21736;24453;27170;29887;32604;35321;38038;40755;43472;46189;48906;51623;54340
2718;5436;8154;10872;13590;16308;19026;21744;24462;27180;29898;32616;35334;38052;40770;43488;46206;48924;51642;54360
2719;5438;8157;10876;13595;16314;19033;21752;24471;27190;29909;32628;35347;38066;40785;43504;46223;48942;51661;54380
2720;5440;8160;10880;13600;16320;19040;21760;24480;27200;29920;32640;35360;38080;40800;43520;46240;48960;51680;54400
2721;5442;8163;10884;13605;16326;19047;21768;24489;27210;29931;32652;35373;38094;40815;43536;46257;48978;51699;54420
2722;5444;8166;10888;13610;16332;19054;21776;24498;27220;29942;32664;35386;38108;40830;43552;46274;48996;51718;54440
2723;5446;8169;10892;13615;16338;19061;21784;24507;27230;29953;32676;35399;38122;40845;43568;46291;49014;51737;54460
2724;5448;8172;10896;13620;16344;19068;21792;24516;27240;29964;32688;35412;38136;40860;43584;46308;49032;51756;54480
2725;5450;8175;10900;13625;16350;19075;21800;24525;27250;29975;32700;35425;38150;40875;43600;46325;49050;51775;54500
2726;5452;8178;10904;13630;16356;19082;21808;24534;27260;29986;32712;35438;38164;40890;43616;46342;49068;51794;54520
2727;5454;8181;10908;13635;16362;19089;21816;24543;27270;29997;32724;35451;38178;40905;43632;46359;49086;51813;54540
2728;5456;8184;10912;13640;16368;19096;21824;24552;27280;30008;32736;35464;38192;40920;43648;46376;49104;51832;54560
2729;5458;8187;10916;13645;16374;19103;21832;24561;27290;30019;32748;35477;38206;40935;43664;46393;49122;51851;54580
2730;5460;8190;10920;13650;16380;19110;21840;24570;27300;30030;32760;35490;38220;40950;43680;46410;49140;51870;54600
2731;5462;8193;10924;13655;16386;19117;21848;24579;27310;30041;32772;35503;38234;40965;43696;46427;49158;51889;54620
2732;5464;8196;10928;13660;16392;19124;21856;24588;27320;30052;32784;35516;38248;40980;43712;46444;49176;51908;54640
2733;5466;8199;10932;13665;16398;19131;21864;24597;27330;30063;32796;35529;38262;40995;43728;46461;49194;51927;54660
2734;5468;8202;10936;13670;16404;19138;21872;24606;27340;30074;32808;35542;38276;41010;43744;46478;49212;51946;54680
2735;5470;8205;10940;13675;16410;19145;21880;24615;27350;30085;32820;35555;38290;41025;43760;46495;49230;51965;54700
2736;5472;8208;10944;13680;16416;19152;21888;24624;27360;30096;32832;35568;38304;41040;43776;46512;49248;51984;54720
2737;5474;8211;10948;13685;16422;19159;21896;24633;27370;30107;32844;35581;38318;41055;43792;46529;49266;52003;54740
2738;5476;8214;10952;13690;16428;19166;21904;24642;27380;30118;32856;35594;38332;41070;43808;46546;49284;52022;54760
2739;5478;8217;10956;13695;16434;19173;21912;24651;27390;30129;32868;35607;38346;41085;43824;46563;49302;52041;54780
2740;5480;8220;10960;13700;16440;19180;21920;24660;27400;30140;32880;35620;38360;41100;43840;46580;49320;52060;54800
2741;5482;8223;10964;13705;16446;19187;21928;24669;27410;30151;32892;35633;38374;41115;43856;46597;49338;52079;54820
2742;5484;8226;10968;13710;16452;19194;21936;24678;27420;30162;32904;35646;38388;41130;43872;46614;49356;52098;54840
2743;5486;8229;10972;13715;16458;19201;21944;24687;27430;30173;32916;35659;38402;41145;43888;46631;49374;52117;54860
2744;5488;8232;10976;13720;16464;19208;21952;24696;27440;30184;32928;35672;38416;41160;43904;46648;49392;52136;54880
2745;5490;8235;10980;13725;16470;19215;21960;24705;27450;30195;32940;35685;38430;41175;43920;46665;49410;52155;54900
2746;5492;8238;10984;13730;16476;19222;21968;24714;27460;30206;32952;35698;38444;41190;43936;46682;49428;52174;54920
2747;5494;8241;10988;13735;16482;19229;21976;24723;27470;30217;32964;35711;38458;41205;43952;46699;49446;52193;54940
2748;5496;8244;10992;13740;16488;19236;21984;24732;27480;30228;32976;35724;38472;41220;43968;46716;49464;52212;54960
2749;5498;8247;10996;13745;16494;19243;21992;24741;27490;30239;32988;35737;38486;41235;43984;46733;49482;52231;54980
2750;5500;8250;11000;13750;16500;19250;22000;24750;27500;30250;33000;35750;38500;41250;44000;46750;49500;52250;55000
2751;5502;8253;11004;13755;16506;19257;22008;24759;27510;30261;33012;35763;38514;41265;44016;46767;49518;52269;55020
2752;5504;8256;11008;13760;16512;19264;22016;24768;27520;30272;33024;35776;38528;41280;44032;46784;49536;52288;55040
2753;5506;8259;11012;13765;16518;19271;22024;24777;27530;30283;33036;35789;38542;41295;44048;46801;49554;52307;55060
2754;5508;8262;11016;13770;16524;19278;22032;24786;27540;30294;33048;35802;38556;41310;44064;46818;49572;52326;55080
2755;5510;8265;11020;13775;16530;19285;22040;24795;27550;30305;33060;35815;38570;41325;44080;46835;49590;52345;55100
2756;5512;8268;11024;13780;16536;19292;22048;24804;27560;30316;33072;35828;38584;41340;44096;46852;49608;52364;55120
2757;5514;8271;11028;13785;16542;19299;22056;24813;27570;30327;33084;35841;38598;41355;44112;46869;49626;52383;55140
2758;5516;8274;11032;13790;16548;19306;22064;24822;27580;30338;33096;35854;38612;41370;44128;46886;49644;52402;55160
2759;5518;8277;11036;13795;16554;19313;22072;24831;27590;30349;33108;35867;38626;41385;44144;46903;49662;52421;55180
2760;5520;8280;11040;13800;16560;19320;22080;24840;27600;30360;33120;35880;38640;41400;44160;46920;49680;52440;55200
2761;5522;8283;11044;13805;16566;19327;22088;24849;27610;30371;33132;35893;38654;41415;44176;46937;49698;52459;55220
2762;5524;8286;11048;13810;16572;19334;22096;24858;27620;30382;33144;35906;38668;41430;44192;46954;49716;52478;55240
2763;5526;8289;11052;13815;16578;19341;22104;24867;27630;30393;33156;35919;38682;41445;44208;46971;49734;52497;55260
2764;5528;8292;11056;13820;16584;19348;22112;24876;27640;30404;33168;35932;38696;41460;44224;46988;49752;52516;55280
2765;5530;8295;11060;13825;16590;19355;22120;24885;27650;30415;33180;35945;38710;41475;44240;47005;49770;52535;55300
2766;5532;8298;11064;13830;16596;19362;22128;24894;27660;30426;33192;35958;38724;41490;44256;47022;49788;52554;55320
2767;5534;8301;11068;13835;16602;19369;22136;24903;27670;30437;33204;35971;38738;41505;44272;47039;49806;52573;55340
2768;5536;8304;11072;13840;16608;19376;22144;24912;27680;30448;33216;35984;38752;41520;44288;47056;49824;52592;55360
2769;5538;8307;11076;13845;16614;19383;22152;24921;27690;30459;33228;35997;38766;41535;44304;47073;49842;52611;55380
2770;5540;8310;11080;13850;16620;19390;22160;24930;27700;30470;33240;36010;38780;41550;44320;47090;49860;52630;55400
2771;5542;8313;11084;13855;16626;19397;22168;24939;27710;30481;33252;36023;38794;41565;44336;47107;49878;52649;55420
2772;5544;8316;11088;13860;16632;19404;22176;24948;27720;30492;33264;36036;38808;41580;44352;47124;49896;52668;55440
2773;5546;8319;11092;13865;16638;19411;22184;24957;27730;30503;33276;36049;38822;41595;44368;47141;49914;52687;55460
2774;5548;8322;11096;13870;16644;19418;22192;24966;27740;30514;33288;36062;38836;41610;44384;47158;49932;52706;55480
2775;5550;8325;11100;13875;16650;19425;22200;24975;27750;30525;33300;36075;38850;41625;44400;47175;49950;52725;55500
2776;5552;8328;11104;13880;16656;19432;22208;24984;27760;30536;33312;36088;38864;41640;44416;47192;49968;52744;55520
2777;5554;8331;11108;13885;16662;19439;22216;24993;27770;30547;33324;36101;38878;41655;44432;47209;49986;52763;55540
2778;5556;8334;11112;13890;16668;19446;22224;25002;27780;30558;33336;36114;38892;41670;44448;47226;50004;52782;55560
2779;5558;8337;11116;13895;16674;19453;22232;25011;27790;30569;33348;36127;38906;41685;44464;47243;50022;52801;55580
2780;5560;8340;11120;13900;16680;19460;22240;25020;27800;30580;33360;36140;38920;41700;44480;47260;50040;52820;55600
2781;5562;8343;11124;13905;16686;19467;22248;25029;27810;30591;33372;36153;38934;41715;44496;47277;50058;52839;55620
2782;5564;8346;11128;13910;16692;19474;22256;25038;27820;30602;33384;36166;38948;41730;44512;47294;50076;52858;55640
2783;5566;8349;11132;13915;16698;19481;22264;25047;27830;30613;33396;36179;38962;41745;44528;47311;50094;52877;55660
2784;5568;8352;11136;13920;16704;19488;22272;25056;27840;30624;33408;36192;38976;41760;44544;47328;50112;52896;55680
2785;5570;8355;11140;13925;16710;19495;22280;25065;27850;30635;33420;36205;38990;41775;44560;47345;50130;52915;55700
2786;5572;8358;11144;13930;16716;19502;22288;25074;27860;30646;33432;36218;39004;41790;44576;47362;50148;52934;55720
2787;5574;8361;11148;13935;16722;19509;22296;25083;27870;30657;33444;36231;39018;41805;44592;47379;50166;52953;55740
2788;5576;8364;11152;13940;16728;19516;22304;25092;27880;30668;33456;36244;39032;41820;44608;47396;50184;52972;55760
2789;5578;8367;11156;13945;16734;19523;22312;25101;27890;30679;33468;36257;39046;41835;44624;47413;50202;52991;55780
2790;5580;8370;11160;13950;16740;19530;22320;25110;27900;30690;33480;36270;39060;41850;44640;47430;50220;53010;55800
2791;5582;8373;11164;13955;16746;19537;22328;25119;27910;30701;33492;36283;39074;41865;44656;47447;50238;53029;55820
2792;5584;8376;11168;13960;16752;19544;22336;25128;27920;30712;33504;36296;39088;41880;44672;47464;50256;53048;55840
2793;5586;8379;11172;13965;16758;19551;22344;25137;27930;30723;33516;36309;39102;41895;44688;47481;50274;53067;55860
2794;5588;8382;11176;13970;16764;19558;22352;25146;27940;30734;33528;36322;39116;41910;44704;47498;50292;53086;55880
2795;5590;8385;11180;13975;16770;19565;22360;25155;27950;30745;33540;36335;39130;41925;44720;47515;50310;53105;55900
2796;5592;8388;11184;13980;16776;19572;22368;25164;27960;30756;33552;36348;39144;41940;44736;47532;50328;53124;55920
2797;5594;8391;11188;13985;16782;19579;22376;25173;27970;30767;33564;36361;39158;41955;44752;47549;50346;53143;55940
2798;5596;8394;11192;13990;16788;19586;22384;25182;27980;30778;33576;36374;39172;41970;44768;47566;50364;53162;55960
2799;5598;8397;11196;13995;16794;19593;22392;25191;27990;30789;33588;36387;39186;41985;44784;47583;50382;53181;55980
2800;5600;8400;11200;14000;16800;19600;22400;25200;28000;30800;33600;36400;39200;42000;44800;47600;50400;53200;56000
2801;5602;8403;11204;14005;16806;19607;22408;25209;28010;30811;33612;36413;39214;42015;44816;47617;50418;53219;56020
2802;5604;8406;11208;14010;16812;19614;22416;25218;28020;30822;33624;36426;39228;42030;44832;47634;50436;53238;56040
2803;5606;8409;11212;14015;16818;19621;22424;25227;28030;30833;33636;36439;39242;42045;44848;47651;50454;53257;56060
2804;5608;8412;11216;14020;16824;19628;22432;25236;28040;30844;33648;36452;39256;42060;44864;47668;50472;53276;56080
2805;5610;8415;11220;14025;16830;19635;22440;25245;28050;30855;33660;36465;39270;42075;44880;47685;50490;53295;56100
2806;5612;8418;11224;14030;16836;19642;22448;25254;28060;30866;33672;36478;39284;42090;44896;47702;50508;53314;56120
2807;5614;8421;11228;14035;16842;19649;22456;25263;28070;30877;33684;36491;39298;42105;44912;47719;50526;53333;56140
2808;5616;8424;11232;14040;16848;19656;22464;25272;28080;30888;33696;36504;39312;42120;44928;47736;50544;53352;56160
2809;5618;8427;11236;14045;16854;19663;22472;25281;28090;30899;33708;36517;39326;42135;44944;47753;50562;53371;56180
2810;5620;8430;11240;14050;16860;19670;22480;25290;28100;30910;33720;36530;39340;42150;44960;47770;50580;53390;56200
2811;5622;8433;11244;14055;16866;19677;22488;25299;28110;30921;33732;36543;39354;42165;44976;47787;50598;53409;56220
2812;5624;8436;11248;14060;16872;19684;22496;25308;28120;30932;33744;36556;39368;42180;44992;47804;50616;53428;56240
2813;5626;8439;11252;14065;16878;19691;22504;25317;28130;30943;33756;36569;39382;42195;45008;47821;50634;53447;56260
2814;5628;8442;11256;14070;16884;19698;22512;25326;28140;30954;33768;36582;39396;42210;45024;47838;50652;53466;56280
2815;5630;8445;11260;14075;16890;19705;22520;25335;28150;30965;33780;36595;39410;42225;45040;47855;50670;53485;56300
2816;5632;8448;11264;14080;16896;19712;22528;25344;28160;30976;33792;36608;39424;42240;45056;47872;50688;53504;56320
2817;5634;8451;11268;14085;16902;19719;22536;25353;28170;30987;33804;36621;39438;42255;45072;47889;50706;53523;56340
2818;5636;8454;11272;14090;16908;19726;22544;25362;28180;30998;33816;36634;39452;42270;45088;47906;50724;53542;56360
2819;5638;8457;11276;14095;16914;19733;22552;25371;28190;31009;33828;36647;39466;42285;45104;47923;50742;53561;56380
2820;5640;8460;11280;14100;16920;19740;22560;25380;28200;31020;33840;36660;39480;42300;45120;47940;50760;53580;56400
2821;5642;8463;11284;14105;16926;19747;22568;25389;28210;31031;33852;36673;39494;42315;45136;47957;50778;53599;56420
2822;5644;8466;11288;14110;16932;19754;22576;25398;28220;31042;33864;36686;39508;42330;45152;47974;50796;53618;56440
2823;5646;8469;11292;14115;16938;19761;22584;25407;28230;31053;33876;36699;39522;42345;45168;47991;50814;53637;56460
2824;5648;8472;11296;14120;16944;19768;22592;25416;28240;31064;33888;36712;39536;42360;45184;48008;50832;53656;56480
2825;5650;8475;11300;14125;16950;19775;22600;25425;28250;31075;33900;36725;39550;42375;45200;48025;50850;53675;56500
2826;5652;8478;11304;14130;16956;19782;22608;25434;28260;31086;33912;36738;39564;42390;45216;48042;50868;53694;56520
2827;5654;8481;11308;14135;16962;19789;22616;25443;28270;31097;33924;36751;39578;42405;45232;48059;50886;53713;56540
2828;5656;8484;11312;14140;16968;19796;22624;25452;28280;31108;33936;36764;39592;42420;45248;48076;50904;53732;56560
2829;5658;8487;11316;14145;16974;19803;22632;25461;28290;31119;33948;36777;39606;42435;45264;48093;50922;53751;56580
2830;5660;8490;11320;14150;16980;19810;22640;25470;28300;31130;33960;36790;39620;42450;45280;48110;50940;53770;56600
2831;5662;8493;11324;14155;16986;19817;22648;25479;28310;31141;33972;36803;39634;42465;45296;48127;50958;53789;56620
2832;5664;8496;11328;14160;16992;19824;22656;25488;28320;31152;33984;36816;39648;42480;45312;48144;50976;53808;56640
2833;5666;8499;11332;14165;16998;19831;22664;25497;28330;31163;33996;36829;39662;42495;45328;48161;50994;53827;56660
2834;5668;8502;11336;14170;17004;19838;22672;25506;28340;31174;34008;36842;39676;42510;45344;48178;51012;53846;56680
2835;5670;8505;11340;14175;17010;19845;22680;25515;28350;31185;34020;36855;39690;42525;45360;48195;51030;53865;56700
2836;5672;8508;11344;14180;17016;19852;22688;25524;28360;31196;34032;36868;39704;42540;45376;48212;51048;53884;56720
2837;5674;8511;11348;14185;17022;19859;22696;25533;28370;31207;34044;36881;39718;42555;45392;48229;51066;53903;56740
2838;5676;8514;11352;14190;17028;19866;22704;25542;28380;31218;34056;36894;39732;42570;45408;48246;51084;53922;56760
2839;5678;8517;11356;14195;17034;19873;22712;25551;28390;31229;34068;36907;39746;42585;45424;48263;51102;53941;56780
2840;5680;8520;11360;14200;17040;19880;22720;25560;28400;31240;34080;36920;39760;42600;45440;48280;51120;53960;56800
2841;5682;8523;11364;14205;17046;19887;22728;25569;28410;31251;34092;36933;39774;42615;45456;48297;51138;53979;56820
2842;5684;8526;11368;14210;17052;19894;22736;25578;28420;31262;34104;36946;39788;42630;45472;48314;51156;53998;56840
2843;5686;8529;11372;14215;17058;19901;22744;25587;28430;31273;34116;36959;39802;42645;45488;48331;51174;54017;56860
2844;5688;8532;11376;14220;17064;19908;22752;25596;28440;31284;34128;36972;39816;42660;45504;48348;51192;54036;56880
2845;5690;8535;11380;14225;17070;19915;22760;25605;28450;31295;34140;36985;39830;42675;45520;48365;51210;54055;56900
2846;5692;8538;11384;14230;17076;19922;22768;25614;28460;31306;34152;36998;39844;42690;45536;48382;51228;54074;56920
2847;5694;8541;11388;14235;17082;19929;22776;25623;28470;31317;34164;37011;39858;42705;45552;48399;51246;54093;56940
2848;5696;8544;11392;14240;17088;19936;22784;25632;28480;31328;34176;37024;39872;42720;45568;48416;51264;54112;56960
2849;5698;8547;11396;14245;17094;19943;22792;25641;28490;31339;34188;37037;39886;42735;45584;48433;51282;54131;56980
2850;5700;8550;11400;14250;17100;19950;22800;25650;28500;31350;34200;37050;39900;42750;45600;48450;51300;54150;57000
2851;5702;8553;11404;14255;17106;19957;22808;25659;28510;31361;34212;37063;39914;42765;45616;48467;51318;54169;57020
2852;5704;8556;11408;14260;17112;19964;22816;25668;28520;31372;34224;37076;39928;42780;45632;48484;51336;54188;57040
2853;5706;8559;11412;14265;17118;19971;22824;25677;28530;31383;34236;37089;39942;42795;45648;48501;51354;54207;57060
2854;5708;8562;11416;14270;17124;19978;22832;25686;28540;31394;34248;37102;39956;42810;45664;48518;51372;54226;57080
2855;5710;8565;11420;14275;17130;19985;22840;25695;28550;31405;34260;37115;39970;42825;45680;48535;51390;54245;57100
2856;5712;8568;11424;14280;17136;19992;22848;25704;28560;31416;34272;37128;39984;42840;45696;48552;51408;54264;57120
2857;5714;8571;11428;14285;17142;19999;22856;25713;28570;31427;34284;37141;39998;42855;45712;48569;51426;54283;57140
2858;5716;8574;11432;14290;17148;20006;22864;25722;28580;31438;34296;37154;40012;42870;45728;48586;51444;54302;57160
2859;5718;8577;11436;14295;17154;20013;22872;25731;28590;31449;34308;37167;40026;42885;45744;48603;51462;54321;57180
2860;5720;8580;11440;14300;17160;20020;22880;25740;28600;31460;34320;37180;40040;42900;45760;48620;51480;54340;57200
2861;5722;8583;11444;14305;17166;20027;22888;25749;28610;31471;34332;37193;40054;42915;45776;48637;51498;54359;57220
2862;5724;8586;11448;14310;17172;20034;22896;25758;28620;31482;34344;37206;40068;42930;45792;48654;51516;54378;57240
2863;5726;8589;11452;14315;17178;20041;22904;25767;28630;31493;34356;37219;40082;42945;45808;48671;51534;54397;57260
2864;5728;8592;11456;14320;17184;20048;22912;25776;28640;31504;34368;37232;40096;42960;45824;48688;51552;54416;57280
2865;5730;8595;11460;14325;17190;20055;22920;25785;28650;31515;34380;37245;40110;42975;45840;48705;51570;54435;57300
2866;5732;8598;11464;14330;17196;20062;22928;25794;28660;31526;34392;37258;40124;42990;45856;48722;51588;54454;57320
2867;5734;8601;11468;14335;17202;20069;22936;25803;28670;31537;34404;37271;40138;43005;45872;48739;51606;54473;57340
2868;5736;8604;11472;14340;17208;20076;22944;25812;28680;31548;34416;37284;40152;43020;45888;48756;51624;54492;57360
2869;5738;8607;11476;14345;17214;20083;22952;25821;28690;31559;34428;37297;40166;43035;45904;48773;51642;54511;57380
2870;5740;8610;11480;14350;17220;20090;22960;25830;28700;31570;34440;37310;40180;43050;45920;48790;51660;54530;57400
2871;5742;8613;11484;14355;17226;20097;22968;25839;28710;31581;34452;37323;40194;43065;45936;48807;51678;54549;57420
2872;5744;8616;11488;14360;17232;20104;22976;25848;28720;31592;34464;37336;40208;43080;45952;48824;51696;54568;57440
2873;5746;8619;11492;14365;17238;20111;22984;25857;28730;31603;34476;37349;40222;43095;45968;48841;51714;54587;57460
2874;5748;8622;11496;14370;17244;20118;22992;25866;28740;31614;34488;37362;40236;43110;45984;48858;51732;54606;57480
2875;5750;8625;11500;14375;17250;20125;23000;25875;28750;31625;34500;37375;40250;43125;46000;48875;51750;54625;57500
2876;5752;8628;11504;14380;17256;20132;23008;25884;28760;31636;34512;37388;40264;43140;46016;48892;51768;54644;57520
2877;5754;8631;11508;14385;17262;20139;23016;25893;28770;31647;34524;37401;40278;43155;46032;48909;51786;54663;57540
2878;5756;8634;11512;14390;17268;20146;23024;25902;28780;31658;34536;37414;40292;43170;46048;48926;51804;54682;57560
2879;5758;8637;11516;14395;17274;20153;23032;25911;28790;31669;34548;37427;40306;43185;46064;48943;51822;54701;57580
2880;5760;8640;11520;14400;17280;20160;23040;25920;28800;31680;34560;37440;40320;43200;46080;48960;51840;54720;57600
2881;5762;8643;11524;14405;17286;20167;23048;25929;28810;31691;34572;37453;40334;43215;46096;48977;51858;54739;57620
2882;5764;8646;11528;14410;17292;20174;23056;25938;28820;31702;34584;37466;40348;43230;46112;48994;51876;54758;57640
2883;5766;8649;11532;14415;17298;20181;23064;25947;28830;31713;34596;37479;40362;43245;46128;49011;51894;54777;57660
2884;5768;8652;11536;14420;17304;20188;23072;25956;28840;31724;34608;37492;40376;43260;46144;49028;51912;54796;57680
2885;5770;8655;11540;14425;17310;20195;23080;25965;28850;31735;34620;37505;40390;43275;46160;49045;51930;54815;57700
2886;5772;8658;11544;14430;17316;20202;23088;25974;28860;31746;34632;37518;40404;43290;46176;49062;51948;54834;57720
2887;5774;8661;11548;14435;17322;20209;23096;25983;28870;31757;34644;37531;40418;43305;46192;49079;51966;54853;57740
2888;5776;8664;11552;14440;17328;20216;23104;25992;28880;31768;34656;37544;40432;43320;46208;49096;51984;54872;57760
2889;5778;8667;11556;14445;17334;20223;23112;26001;28890;31779;34668;37557;40446;43335;46224;49113;52002;54891;57780
2890;5780;8670;11560;14450;17340;20230;23120;26010;28900;31790;34680;37570;40460;43350;46240;49130;52020;54910;57800
2891;5782;8673;11564;14455;17346;20237;23128;26019;28910;31801;34692;37583;40474;43365;46256;49147;52038;54929;57820
2892;5784;8676;11568;14460;17352;20244;23136;26028;28920;31812;34704;37596;40488;43380;46272;49164;52056;54948;57840
2893;5786;8679;11572;14465;17358;20251;23144;26037;28930;31823;34716;37609;40502;43395;46288;49181;52074;54967;57860
2894;5788;8682;11576;14470;17364;20258;23152;26046;28940;31834;34728;37622;40516;43410;46304;49198;52092;54986;57880
2895;5790;8685;11580;14475;17370;20265;23160;26055;28950;31845;34740;37635;40530;43425;46320;49215;52110;55005;57900
2896;5792;8688;11584;14480;17376;20272;23168;26064;28960;31856;34752;37648;40544;43440;46336;49232;52128;55024;57920
2897;5794;8691;11588;14485;17382;20279;23176;26073;28970;31867;34764;37661;40558;43455;46352;49249;52146;55043;57940
2898;5796;8694;11592;14490;17388;20286;23184;26082;28980;31878;34776;37674;40572;43470;46368;49266;52164;55062;57960
2899;5798;8697;11596;14495;17394;20293;23192;26091;28990;31889;34788;37687;40586;43485;46384;49283;52182;55081;57980
2900;5800;8700;11600;14500;17400;20300;23200;26100;29000;31900;34800;37700;40600;43500;46400;49300;52200;55100;58000
2901;5802;8703;11604;14505;17406;20307;23208;26109;29010;31911;34812;37713;40614;43515;46416;49317;52218;55119;58020
2902;5804;8706;11608;14510;17412;20314;23216;26118;29020;31922;34824;37726;40628;43530;46432;49334;52236;55138;58040
2903;5806;8709;11612;14515;17418;20321;23224;26127;29030;31933;34836;37739;40642;43545;46448;49351;52254;55157;58060
2904;5808;8712;11616;14520;17424;20328;23232;26136;29040;31944;34848;37752;40656;43560;46464;49368;52272;55176;58080
2905;5810;8715;11620;14525;17430;20335;23240;26145;29050;31955;34860;37765;40670;43575;46480;49385;52290;55195;58100
2906;5812;8718;11624;14530;17436;20342;23248;26154;29060;31966;34872;37778;40684;43590;46496;49402;52308;55214;58120
2907;5814;8721;11628;14535;17442;20349;23256;26163;29070;31977;34884;37791;40698;43605;46512;49419;52326;55233;58140
2908;5816;8724;11632;14540;17448;20356;23264;26172;29080;31988;34896;37804;40712;43620;46528;49436;52344;55252;58160
2909;5818;8727;11636;14545;17454;20363;23272;26181;29090;31999;34908;37817;40726;43635;46544;49453;52362;55271;58180
2910;5820;8730;11640;14550;17460;20370;23280;26190;29100;32010;34920;37830;40740;43650;46560;49470;52380;55290;58200
2911;5822;8733;11644;14555;17466;20377;23288;26199;29110;32021;34932;37843;40754;43665;46576;49487;52398;55309;58220
2912;5824;8736;11648;14560;17472;20384;23296;26208;29120;32032;34944;37856;40768;43680;46592;49504;52416;55328;58240
2913;5826;8739;11652;14565;17478;20391;23304;26217;29130;32043;34956;37869;40782;43695;46608;49521;52434;55347;58260
2914;5828;8742;11656;14570;17484;20398;23312;26226;29140;32054;34968;37882;40796;43710;46624;49538;52452;55366;58280
2915;5830;8745;11660;14575;17490;20405;23320;26235;29150;32065;34980;37895;40810;43725;46640;49555;52470;55385;58300
2916;5832;8748;11664;14580;17496;20412;23328;26244;29160;32076;34992;37908;40824;43740;46656;49572;52488;55404;58320
2917;5834;8751;11668;14585;17502;20419;23336;26253;29170;32087;35004;37921;40838;43755;46672;49589;52506;55423;58340
2918;5836;8754;11672;14590;17508;20426;23344;26262;29180;32098;35016;37934;40852;43770;46688;49606;52524;55442;58360
2919;5838;8757;11676;14595;17514;20433;23352;26271;29190;32109;35028;37947;40866;43785;46704;49623;52542;55461;58380
2920;5840;8760;11680;14600;17520;20440;23360;26280;29200;32120;35040;37960;40880;43800;46720;49640;52560;55480;58400
2921;5842;8763;11684;14605;17526;20447;23368;26289;29210;32131;35052;37973;40894;43815;46736;49657;52578;55499;58420
2922;5844;8766;11688;14610;17532;20454;23376;26298;29220;32142;35064;37986;40908;43830;46752;49674;52596;55518;58440
2923;5846;8769;11692;14615;17538;20461;23384;26307;29230;32153;35076;37999;40922;43845;46768;49691;52614;55537;58460
2924;5848;8772;11696;14620;17544;20468;23392;26316;29240;32164;35088;38012;40936;43860;46784;49708;52632;55556;58480
2925;5850;8775;11700;14625;17550;20475;23400;26325;29250;32175;35100;38025;40950;43875;46800;49725;52650;55575;58500
2926;5852;8778;11704;14630;17556;20482;23408;26334;29260;32186;35112;38038;40964;43890;46816;49742;52668;55594;58520
2927;5854;8781;11708;14635;17562;20489;23416;26343;29270;32197;35124;38051;40978;43905;46832;49759;52686;55613;58540
2928;5856;8784;11712;14640;17568;20496;23424;26352;29280;32208;35136;38064;40992;43920;46848;49776;52704;55632;58560
2929;5858;8787;11716;14645;17574;20503;23432;26361;29290;32219;35148;38077;41006;43935;46864;49793;52722;55651;58580
2930;5860;8790;11720;14650;17580;20510;23440;26370;29300;32230;35160;38090;41020;43950;46880;49810;52740;55670;58600
2931;5862;8793;11724;14655;17586;20517;23448;26379;29310;32241;35172;38103;41034;43965;46896;49827;52758;55689;58620
2932;5864;8796;11728;14660;17592;20524;23456;26388;29320;32252;35184;38116;41048;43980;46912;49844;52776;55708;58640
2933;5866;8799;11732;14665;17598;20531;23464;26397;29330;32263;35196;38129;41062;43995;46928;49861;52794;55727;58660
2934;5868;8802;11736;14670;17604;20538;23472;26406;29340;32274;35208;38142;41076;44010;46944;49878;52812;55746;58680
2935;5870;8805;11740;14675;17610;20545;23480;26415;29350;32285;35220;38155;41090;44025;46960;49895;52830;55765;58700
2936;5872;8808;11744;14680;17616;20552;23488;26424;29360;32296;35232;38168;41104;44040;46976;49912;52848;55784;58720
2937;5874;8811;11748;14685;17622;20559;23496;26433;29370;32307;35244;38181;41118;44055;46992;49929;52866;55803;58740
2938;5876;8814;11752;14690;17628;20566;23504;26442;29380;32318;35256;38194;41132;44070;47008;49946;52884;55822;58760
2939;5878;8817;11756;14695;17634;20573;23512;26451;29390;32329;35268;38207;41146;44085;47024;49963;52902;55841;58780
2940;5880;8820;11760;14700;17640;20580;23520;26460;29400;32340;35280;38220;41160;44100;47040;49980;52920;55860;58800
2941;5882;8823;11764;14705;17646;20587;23528;26469;29410;32351;35292;38233;41174;44115;47056;49997;52938;55879;58820
2942;5884;8826;11768;14710;17652;20594;23536;26478;29420;32362;35304;38246;41188;44130;47072;50014;52956;55898;58840
2943;5886;8829;11772;14715;17658;20601;23544;26487;29430;32373;35316;38259;41202;44145;47088;50031;52974;55917;58860
2944;5888;8832;11776;14720;17664;20608;23552;26496;29440;32384;35328;38272;41216;44160;47104;50048;52992;55936;58880
2945;5890;8835;11780;14725;17670;20615;23560;26505;29450;32395;35340;38285;41230;44175;47120;50065;53010;55955;58900
2946;5892;8838;11784;14730;17676;20622;23568;26514;29460;32406;35352;38298;41244;44190;47136;50082;53028;55974;58920
2947;5894;8841;11788;14735;17682;20629;23576;26523;29470;32417;35364;38311;41258;44205;47152;50099;53046;55993;58940
2948;5896;8844;11792;14740;17688;20636;23584;26532;29480;32428;35376;38324;41272;44220;47168;50116;53064;56012;58960
2949;5898;8847;11796;14745;17694;20643;23592;26541;29490;32439;35388;38337;41286;44235;47184;50133;53082;56031;58980
2950;5900;8850;11800;14750;17700;20650;23600;26550;29500;32450;35400;38350;41300;44250;47200;50150;53100;56050;59000
2951;5902;8853;11804;14755;17706;20657;23608;26559;29510;32461;35412;38363;41314;44265;47216;50167;53118;56069;59020
2952;5904;8856;11808;14760;17712;20664;23616;26568;29520;32472;35424;38376;41328;44280;47232;50184;53136;56088;59040
2953;5906;8859;11812;14765;17718;20671;23624;26577;29530;32483;35436;38389;41342;44295;47248;50201;53154;56107;59060
2954;5908;8862;11816;14770;17724;20678;23632;26586;29540;32494;35448;38402;41356;44310;47264;50218;53172;56126;59080
2955;5910;8865;11820;14775;17730;20685;23640;26595;29550;32505;35460;38415;41370;44325;47280;50235;53190;56145;59100
2956;5912;8868;11824;14780;17736;20692;23648;26604;29560;32516;35472;38428;41384;44340;47296;50252;53208;56164;59120
2957;5914;8871;11828;14785;17742;20699;23656;26613;29570;32527;35484;38441;41398;44355;47312;50269;53226;56183;59140
2958;5916;8874;11832;14790;17748;20706;23664;26622;29580;32538;35496;38454;41412;44370;47328;50286;53244;56202;59160
2959;5918;8877;11836;14795;17754;20713;23672;26631;29590;32549;35508;38467;41426;44385;47344;50303;53262;56221;59180
2960;5920;8880;11840;14800;17760;20720;23680;26640;29600;32560;35520;38480;41440;44400;47360;50320;53280;56240;59200
2961;5922;8883;11844;14805;17766;20727;23688;26649;29610;32571;35532;38493;41454;44415;47376;50337;53298;56259;59220
2962;5924;8886;11848;14810;17772;20734;23696;26658;29620;32582;35544;38506;41468;44430;47392;50354;53316;56278;59240
2963;5926;8889;11852;14815;17778;20741;23704;26667;29630;32593;35556;38519;41482;44445;47408;50371;53334;56297;59260
2964;5928;8892;11856;14820;17784;20748;23712;26676;29640;32604;35568;38532;41496;44460;47424;50388;53352;56316;59280
2965;5930;8895;11860;14825;17790;20755;23720;26685;29650;32615;35580;38545;41510;44475;47440;50405;53370;56335;59300
2966;5932;8898;11864;14830;17796;20762;23728;26694;29660;32626;35592;38558;41524;44490;47456;50422;53388;56354;59320
2967;5934;8901;11868;14835;17802;20769;23736;26703;29670;32637;35604;38571;41538;44505;47472;50439;53406;56373;59340
2968;5936;8904;11872;14840;17808;20776;23744;26712;29680;32648;35616;38584;41552;44520;47488;50456;53424;56392;59360
2969;5938;8907;11876;14845;17814;20783;23752;26721;29690;32659;35628;38597;41566;44535;47504;50473;53442;56411;59380
2970;5940;8910;11880;14850;17820;20790;23760;26730;29700;32670;35640;38610;41580;44550;47520;50490;53460;56430;59400
2971;5942;8913;11884;14855;17826;20797;23768;26739;29710;32681;35652;38623;41594;44565;47536;50507;53478;56449;59420
2972;5944;8916;11888;14860;17832;20804;23776;26748;29720;32692;35664;38636;41608;44580;47552;50524;53496;56468;59440
2973;5946;8919;11892;14865;17838;20811;23784;26757;29730;32703;35676;38649;41622;44595;47568;50541;53514;56487;59460
2974;5948;8922;11896;14870;17844;20818;23792;26766;29740;32714;35688;38662;41636;44610;47584;50558;53532;56506;59480
2975;5950;8925;11900;14875;17850;20825;23800;26775;29750;32725;35700;38675;41650;44625;47600;50575;53550;56525;59500
2976;5952;8928;11904;14880;17856;20832;23808;26784;29760;32736;35712;38688;41664;44640;47616;50592;53568;56544;59520
2977;5954;8931;11908;14885;17862;20839;23816;26793;29770;32747;35724;38701;41678;44655;47632;50609;53586;56563;59540
2978;5956;8934;11912;14890;17868;20846;23824;26802;29780;32758;35736;38714;41692;44670;47648;50626;53604;56582;59560
2979;5958;8937;11916;14895;17874;20853;23832;26811;29790;32769;35748;38727;41706;44685;47664;50643;53622;56601;59580
2980;5960;8940;11920;14900;17880;20860;23840;26820;29800;32780;35760;38740;41720;44700;47680;50660;53640;56620;59600
2981;5962;8943;11924;14905;17886;20867;23848;26829;29810;32791;35772;38753;41734;44715;47696;50677;53658;56639;59620
2982;5964;8946;11928;14910;17892;20874;23856;26838;29820;32802;35784;38766;41748;44730;47712;50694;53676;56658;59640
2983;5966;8949;11932;14915;17898;20881;23864;26847;29830;32813;35796;38779;41762;44745;47728;50711;53694;56677;59660
2984;5968;8952;11936;14920;17904;20888;23872;26856;29840;32824;35808;38792;41776;44760;47744;50728;53712;56696;59680
2985;5970;8955;11940;14925;17910;20895;23880;26865;29850;32835;35820;38805;41790;44775;47760;50745;53730;56715;59700
2986;5972;8958;11944;14930;17916;20902;23888;26874;29860;32846;35832;38818;41804;44790;47776;50762;53748;56734;59720
2987;5974;8961;11948;14935;17922;20909;23896;26883;29870;32857;35844;38831;41818;44805;47792;50779;53766;56753;59740
2988;5976;8964;11952;14940;17928;20916;23904;26892;29880;32868;35856;38844;41832;44820;47808;50796;53784;56772;59760
2989;5978;8967;11956;14945;17934;20923;23912;26901;29890;32879;35868;38857;41846;44835;47824;50813;53802;56791;59780
2990;5980;8970;11960;14950;17940;20930;23920;26910;29900;32890;35880;38870;41860;44850;47840;50830;53820;56810;59800
2991;5982;8973;11964;14955;17946;20937;23928;26919;29910;32901;35892;38883;41874;44865;47856;50847;53838;56829;59820
2992;5984;8976;11968;14960;17952;20944;23936;26928;29920;32912;35904;38896;41888;44880;47872;50864;53856;56848;59840
2993;5986;8979;11972;14965;17958;20951;23944;26937;29930;32923;35916;38909;41902;44895;47888;50881;53874;56867;59860
2994;5988;8982;11976;14970;17964;20958;23952;26946;29940;32934;35928;38922;41916;44910;47904;50898;53892;56886;59880
2995;5990;8985;11980;14975;17970;20965;23960;26955;29950;32945;35940;38935;41930;44925;47920;50915;53910;56905;59900
2996;5992;8988;11984;14980;17976;20972;23968;26964;29960;32956;35952;38948;41944;44940;47936;50932;53928;56924;59920
2997;5994;8991;11988;14985;17982;20979;23976;26973;29970;32967;35964;38961;41958;44955;47952;50949;53946;56943;59940
2998;5996;8994;11992;14990;17988;20986;23984;26982;29980;32978;35976;38974;41972;44970;47968;50966;53964;56962;59960
2999;5998;8997;11996;14995;17994;20993;23992;26991;29990;32989;35988;38987;41986;44985;47984;50983;53982;56981;59980
3000;6000;9000;12000;15000;18000;21000;24000;27000;30000;33000;36000;39000;42000;45000;48000;51000;54000;57000;60000
3001;6002;9003;12004;15005;18006;21007;24008;27009;30010;33011;36012;39013;42014;45015;48016;51017;54018;57019;60020
3002;6004;9006;12008;15010;18012;21014;24016;27018;30020;33022;36024;39026;42028;45030;48032;51034;54036;57038;60040
3003;6006;9009;12012;15015;18018;21021;24024;27027;30030;33033;36036;39039;42042;45045;48048;51051;54054;57057;60060
3004;6008;9012;12016;15020;18024;21028;24032;27036;30040;33044;36048;39052;42056;45060;48064;51068;54072;57076;60080
3005;6010;9015;12020;15025;18030;21035;24040;27045;30050;33055;36060;39065;42070;45075;48080;51085;54090;57095;60100
3006;6012;9018;12024;15030;18036;21042;24048;27054;30060;33066;36072;39078;42084;45090;48096;51102;54108;57114;60120
3007;6014;9021;12028;15035;18042;21049;24056;27063;30070;33077;36084;39091;42098;45105;48112;51119;54126;57133;60140
3008;6016;9024;12032;15040;18048;21056;24064;27072;30080;33088;36096;39104;42112;45120;48128;51136;54144;57152;60160
3009;6018;9027;12036;15045;18054;21063;24072;27081;30090;33099;36108;39117;42126;45135;48144;51153;54162;57171;60180
3010;6020;9030;12040;15050;18060;21070;24080;27090;30100;33110;36120;39130;42140;45150;48160;51170;54180;57190;60200
3011;6022;9033;12044;15055;18066;21077;24088;27099;30110;33121;36132;39143;42154;45165;48176;51187;54198;57209;60220
3012;6024;9036;12048;15060;18072;21084;24096;27108;30120;33132;36144;39156;42168;45180;48192;51204;54216;57228;60240
3013;6026;9039;12052;15065;18078;21091;24104;27117;30130;33143;36156;39169;42182;45195;48208;51221;54234;57247;60260
3014;6028;9042;12056;15070;18084;21098;24112;27126;30140;33154;36168;39182;42196;45210;48224;51238;54252;57266;60280
3015;6030;9045;12060;15075;18090;21105;24120;27135;30150;33165;36180;39195;42210;45225;48240;51255;54270;57285;60300
3016;6032;9048;12064;15080;18096;21112;24128;27144;30160;33176;36192;39208;42224;45240;48256;51272;54288;57304;60320
3017;6034;9051;12068;15085;18102;21119;24136;27153;30170;33187;36204;39221;42238;45255;48272;51289;54306;57323;60340
3018;6036;9054;12072;15090;18108;21126;24144;27162;30180;33198;36216;39234;42252;45270;48288;51306;54324;57342;60360
3019;6038;9057;12076;15095;18114;21133;24152;27171;30190;33209;36228;39247;42266;45285;48304;51323;54342;57361;60380
3020;6040;9060;12080;15100;18120;21140;24160;27180;30200;33220;36240;39260;42280;45300;48320;51340;54360;57380;60400
3021;6042;9063;12084;15105;18126;21147;24168;27189;30210;33231;36252;39273;42294;45315;48336;51357;54378;57399;60420
3022;6044;9066;12088;15110;18132;21154;24176;27198;30220;33242;36264;39286;42308;45330;48352;51374;54396;57418;60440
3023;6046;9069;12092;15115;18138;21161;24184;27207;30230;33253;36276;39299;42322;45345;48368;51391;54414;57437;60460
3024;6048;9072;12096;15120;18144;21168;24192;27216;30240;33264;36288;39312;42336;45360;48384;51408;54432;57456;60480
3025;6050;9075;12100;15125;18150;21175;24200;27225;30250;33275;36300;39325;42350;45375;48400;51425;54450;57475;60500
3026;6052;9078;12104;15130;18156;21182;24208;27234;30260;33286;36312;39338;42364;45390;48416;51442;54468;57494;60520
3027;6054;9081;12108;15135;18162;21189;24216;27243;30270;33297;36324;39351;42378;45405;48432;51459;54486;57513;60540
3028;6056;9084;12112;15140;18168;21196;24224;27252;30280;33308;36336;39364;42392;45420;48448;51476;54504;57532;60560
3029;6058;9087;12116;15145;18174;21203;24232;27261;30290;33319;36348;39377;42406;45435;48464;51493;54522;57551;60580
3030;6060;9090;12120;15150;18180;21210;24240;27270;30300;33330;36360;39390;42420;45450;48480;51510;54540;57570;60600
3031;6062;9093;12124;15155;18186;21217;24248;27279;30310;33341;36372;39403;42434;45465;48496;51527;54558;57589;60620
3032;6064;9096;12128;15160;18192;21224;24256;27288;30320;33352;36384;39416;42448;45480;48512;51544;54576;57608;60640
3033;6066;9099;12132;15165;18198;21231;24264;27297;30330;33363;36396;39429;42462;45495;48528;51561;54594;57627;60660
3034;6068;9102;12136;15170;18204;21238;24272;27306;30340;33374;36408;39442;42476;45510;48544;51578;54612;57646;60680
3035;6070;9105;12140;15175;18210;21245;24280;27315;30350;33385;36420;39455;42490;45525;48560;51595;54630;57665;60700
3036;6072;9108;12144;15180;18216;21252;24288;27324;30360;33396;36432;39468;42504;45540;48576;51612;54648;57684;60720
3037;6074;9111;12148;15185;18222;21259;24296;27333;30370;33407;36444;39481;42518;45555;48592;51629;54666;57703;60740
3038;6076;9114;12152;15190;18228;21266;24304;27342;30380;33418;36456;39494;42532;45570;48608;51646;54684;57722;60760
3039;6078;9117;12156;15195;18234;21273;24312;27351;30390;33429;36468;39507;42546;45585;48624;51663;54702;57741;60780
3040;6080;9120;12160;15200;18240;21280;24320;27360;30400;33440;36480;39520;42560;45600;48640;51680;54720;57760;60800
3041;6082;9123;12164;15205;18246;21287;24328;27369;30410;33451;36492;39533;42574;45615;48656;51697;54738;57779;60820
3042;6084;9126;12168;15210;18252;21294;24336;27378;30420;33462;36504;39546;42588;45630;48672;51714;54756;57798;60840
3043;6086;9129;12172;15215;18258;21301;24344;27387;30430;33473;36516;39559;42602;45645;48688;51731;54774;57817;60860
3044;6088;9132;12176;15220;18264;21308;24352;27396;30440;33484;36528;39572;42616;45660;48704;51748;54792;57836;60880
3045;6090;9135;12180;15225;18270;21315;24360;27405;30450;33495;36540;39585;42630;45675;48720;51765;54810;57855;60900
3046;6092;9138;12184;15230;18276;21322;24368;27414;30460;33506;36552;39598;42644;45690;48736;51782;54828;57874;60920
3047;6094;9141;12188;15235;18282;21329;24376;27423;30470;33517;36564;39611;42658;45705;48752;51799;54846;57893;60940
3048;6096;9144;12192;15240;18288;21336;24384;27432;30480;33528;36576;39624;42672;45720;48768;51816;54864;57912;60960
3049;6098;9147;12196;15245;18294;21343;24392;27441;30490;33539;36588;39637;42686;45735;48784;51833;54882;57931;60980
3050;6100;9150;12200;15250;18300;21350;24400;27450;30500;33550;36600;39650;42700;45750;48800;51850;54900;57950;61000
3051;6102;9153;12204;15255;18306;21357;24408;27459;30510;33561;36612;39663;42714;45765;48816;51867;54918;57969;61020
3052;6104;9156;12208;15260;18312;21364;24416;27468;30520;33572;36624;39676;42728;45780;48832;51884;54936;57988;61040
3053;6106;9159;12212;15265;18318;21371;24424;27477;30530;33583;36636;39689;42742;45795;48848;51901;54954;58007;61060
3054;6108;9162;12216;15270;18324;21378;24432;27486;30540;33594;36648;39702;42756;45810;48864;51918;54972;58026;61080
3055;6110;9165;12220;15275;18330;21385;24440;27495;30550;33605;36660;39715;42770;45825;48880;51935;54990;58045;61100
3056;6112;9168;12224;15280;18336;21392;24448;27504;30560;33616;36672;39728;42784;45840;48896;51952;55008;58064;61120
3057;6114;9171;12228;15285;18342;21399;24456;27513;30570;33627;36684;39741;42798;45855;48912;51969;55026;58083;61140
3058;6116;9174;12232;15290;18348;21406;24464;27522;30580;33638;36696;39754;42812;45870;48928;51986;55044;58102;61160
3059;6118;9177;12236;15295;18354;21413;24472;27531;30590;33649;36708;39767;42826;45885;48944;52003;55062;58121;61180
3060;6120;9180;12240;15300;18360;21420;24480;27540;30600;33660;36720;39780;42840;45900;48960;52020;55080;58140;61200
3061;6122;9183;12244;15305;18366;21427;24488;27549;30610;33671;36732;39793;42854;45915;48976;52037;55098;58159;61220
3062;6124;9186;12248;15310;18372;21434;24496;27558;30620;33682;36744;39806;42868;45930;48992;52054;55116;58178;61240
3063;6126;9189;12252;15315;18378;21441;24504;27567;30630;33693;36756;39819;42882;45945;49008;52071;55134;58197;61260
3064;6128;9192;12256;15320;18384;21448;24512;27576;30640;33704;36768;39832;42896;45960;49024;52088;55152;58216;61280
3065;6130;9195;12260;15325;18390;21455;24520;27585;30650;33715;36780;39845;42910;45975;49040;52105;55170;58235;61300
3066;6132;9198;12264;15330;18396;21462;24528;27594;30660;33726;36792;39858;42924;45990;49056;52122;55188;58254;61320
3067;6134;9201;12268;15335;18402;21469;24536;27603;30670;33737;36804;39871;42938;46005;49072;52139;55206;58273;61340
3068;6136;9204;12272;15340;18408;21476;24544;27612;30680;33748;36816;39884;42952;46020;49088;52156;55224;58292;61360
3069;6138;9207;12276;15345;18414;21483;24552;27621;30690;33759;36828;39897;42966;46035;49104;52173;55242;58311;61380
3070;6140;9210;12280;15350;18420;21490;24560;27630;30700;33770;36840;39910;42980;46050;49120;52190;55260;58330;61400
3071;6142;9213;12284;15355;18426;21497;24568;27639;30710;33781;36852;39923;42994;46065;49136;52207;55278;58349;61420
3072;6144;9216;12288;15360;18432;21504;24576;27648;30720;33792;36864;39936;43008;46080;49152;52224;55296;58368;61440
3073;6146;9219;12292;15365;18438;21511;24584;27657;30730;33803;36876;39949;43022;46095;49168;52241;55314;58387;61460
3074;6148;9222;12296;15370;18444;21518;24592;27666;30740;33814;36888;39962;43036;46110;49184;52258;55332;58406;61480
3075;6150;9225;12300;15375;18450;21525;24600;27675;30750;33825;36900;39975;43050;46125;49200;52275;55350;58425;61500
3076;6152;9228;12304;15380;18456;21532;24608;27684;30760;33836;36912;39988;43064;46140;49216;52292;55368;58444;61520
3077;6154;9231;12308;15385;18462;21539;24616;27693;30770;33847;36924;40001;43078;46155;49232;52309;55386;58463;61540
3078;6156;9234;12312;15390;18468;21546;24624;27702;30780;33858;36936;40014;43092;46170;49248;52326;55404;58482;61560
3079;6158;9237;12316;15395;18474;21553;24632;27711;30790;33869;36948;40027;43106;46185;49264;52343;55422;58501;61580
3080;6160;9240;12320;15400;18480;21560;24640;27720;30800;33880;36960;40040;43120;46200;49280;52360;55440;58520;61600
3081;6162;9243;12324;15405;18486;21567;24648;27729;30810;33891;36972;40053;43134;46215;49296;52377;55458;58539;61620
3082;6164;9246;12328;15410;18492;21574;24656;27738;30820;33902;36984;40066;43148;46230;49312;52394;55476;58558;61640
3083;6166;9249;12332;15415;18498;21581;24664;27747;30830;33913;36996;40079;43162;46245;49328;52411;55494;58577;61660
3084;6168;9252;12336;15420;18504;21588;24672;27756;30840;33924;37008;40092;43176;46260;49344;52428;55512;58596;61680
3085;6170;9255;12340;15425;18510;21595;24680;27765;30850;33935;37020;40105;43190;46275;49360;52445;55530;58615;61700
3086;6172;9258;12344;15430;18516;21602;24688;27774;30860;33946;37032;40118;43204;46290;49376;52462;55548;58634;61720
3087;6174;9261;12348;15435;18522;21609;24696;27783;30870;33957;37044;40131;43218;46305;49392;52479;55566;58653;61740
3088;6176;9264;12352;15440;18528;21616;24704;27792;30880;33968;37056;40144;43232;46320;49408;52496;55584;58672;61760
3089;6178;9267;12356;15445;18534;21623;24712;27801;30890;33979;37068;40157;43246;46335;49424;52513;55602;58691;61780
3090;6180;9270;12360;15450;18540;21630;24720;27810;30900;33990;37080;40170;43260;46350;49440;52530;55620;58710;61800
3091;6182;9273;12364;15455;18546;21637;24728;27819;30910;34001;37092;40183;43274;46365;49456;52547;55638;58729;61820
3092;6184;9276;12368;15460;18552;21644;24736;27828;30920;34012;37104;40196;43288;46380;49472;52564;55656;58748;61840
3093;6186;9279;12372;15465;18558;21651;24744;27837;30930;34023;37116;40209;43302;46395;49488;52581;55674;58767;61860
3094;6188;9282;12376;15470;18564;21658;24752;27846;30940;34034;37128;40222;43316;46410;49504;52598;55692;58786;61880
3095;6190;9285;12380;15475;18570;21665;24760;27855;30950;34045;37140;40235;43330;46425;49520;52615;55710;58805;61900
3096;6192;9288;12384;15480;18576;21672;24768;27864;30960;34056;37152;40248;43344;46440;49536;52632;55728;58824;61920
3097;6194;9291;12388;15485;18582;21679;24776;27873;30970;34067;37164;40261;43358;46455;49552;52649;55746;58843;61940
3098;6196;9294;12392;15490;18588;21686;24784;27882;30980;34078;37176;40274;43372;46470;49568;52666;55764;58862;61960
3099;6198;9297;12396;15495;18594;21693;24792;27891;30990;34089;37188;40287;43386;46485;49584;52683;55782;58881;61980
3100;6200;9300;12400;15500;18600;21700;24800;27900;31000;34100;37200;40300;43400;46500;49600;52700;55800;58900;62000
3101;6202;9303;12404;15505;18606;21707;24808;27909;31010;34111;37212;40313;43414;46515;49616;52717;55818;58919;62020
3102;6204;9306;12408;15510;18612;21714;24816;27918;31020;34122;37224;40326;43428;46530;49632;52734;55836;58938;62040
3103;6206;9309;12412;15515;18618;21721;24824;27927;31030;34133;37236;40339;43442;46545;49648;52751;55854;58957;62060
3104;6208;9312;12416;15520;18624;21728;24832;27936;31040;34144;37248;40352;43456;46560;49664;52768;55872;58976;62080
3105;6210;9315;12420;15525;18630;21735;24840;27945;31050;34155;37260;40365;43470;46575;49680;52785;55890;58995;62100
3106;6212;9318;12424;15530;18636;21742;24848;27954;31060;34166;37272;40378;43484;46590;49696;52802;55908;59014;62120
3107;6214;9321;12428;15535;18642;21749;24856;27963;31070;34177;37284;40391;43498;46605;49712;52819;55926;59033;62140
3108;6216;9324;12432;15540;18648;21756;24864;27972;31080;34188;37296;40404;43512;46620;49728;52836;55944;59052;62160
3109;6218;9327;12436;15545;18654;21763;24872;27981;31090;34199;37308;40417;43526;46635;49744;52853;55962;59071;62180
3110;6220;9330;12440;15550;18660;21770;24880;27990;31100;34210;37320;40430;43540;46650;49760;52870;55980;59090;62200
3111;6222;9333;12444;15555;18666;21777;24888;27999;31110;34221;37332;40443;43554;46665;49776;52887;55998;59109;62220
3112;6224;9336;12448;15560;18672;21784;24896;28008;31120;34232;37344;40456;43568;46680;49792;52904;56016;59128;62240
3113;6226;9339;12452;15565;18678;21791;24904;28017;31130;34243;37356;40469;43582;46695;49808;52921;56034;59147;62260
3114;6228;9342;12456;15570;18684;21798;24912;28026;31140;34254;37368;40482;43596;46710;49824;52938;56052;59166;62280
3115;6230;9345;12460;15575;18690;21805;24920;28035;31150;34265;37380;40495;43610;46725;49840;52955;56070;59185;62300
3116;6232;9348;12464;15580;18696;21812;24928;28044;31160;34276;37392;40508;43624;46740;49856;52972;56088;59204;62320
3117;6234;9351;12468;15585;18702;21819;24936;28053;31170;34287;37404;40521;43638;46755;49872;52989;56106;59223;62340
3118;6236;9354;12472;15590;18708;21826;24944;28062;31180;34298;37416;40534;43652;46770;49888;53006;56124;59242;62360
3119;6238;9357;12476;15595;18714;21833;24952;28071;31190;34309;37428;40547;43666;46785;49904;53023;56142;59261;62380
3120;6240;9360;12480;15600;18720;21840;24960;28080;31200;34320;37440;40560;43680;46800;49920;53040;56160;59280;62400
3121;6242;9363;12484;15605;18726;21847;24968;28089;31210;34331;37452;40573;43694;46815;49936;53057;56178;59299;62420
3122;6244;9366;12488;15610;18732;21854;24976;28098;31220;34342;37464;40586;43708;46830;49952;53074;56196;59318;62440
3123;6246;9369;12492;15615;18738;21861;24984;28107;31230;34353;37476;40599;43722;46845;49968;53091;56214;59337;62460
3124;6248;9372;12496;15620;18744;21868;24992;28116;31240;34364;37488;40612;43736;46860;49984;53108;56232;59356;62480
3125;6250;9375;12500;15625;18750;21875;25000;28125;31250;34375;37500;40625;43750;46875;50000;53125;56250;59375;62500
3126;6252;9378;12504;15630;18756;21882;25008;28134;31260;34386;37512;40638;43764;46890;50016;53142;56268;59394;62520
3127;6254;9381;12508;15635;18762;21889;25016;28143;31270;34397;37524;40651;43778;46905;50032;53159;56286;59413;62540
3128;6256;9384;12512;15640;18768;21896;25024;28152;31280;34408;37536;40664;43792;46920;50048;53176;56304;59432;62560
3129;6258;9387;12516;15645;18774;21903;25032;28161;31290;34419;37548;40677;43806;46935;50064;53193;56322;59451;62580
3130;6260;9390;12520;15650;18780;21910;25040;28170;31300;34430;37560;40690;43820;46950;50080;53210;56340;59470;62600
3131;6262;9393;12524;15655;18786;21917;25048;28179;31310;34441;37572;40703;43834;46965;50096;53227;56358;59489;62620
3132;6264;9396;12528;15660;18792;21924;25056;28188;31320;34452;37584;40716;43848;46980;50112;53244;56376;59508;62640
3133;6266;9399;12532;15665;18798;21931;25064;28197;31330;34463;37596;40729;43862;46995;50128;53261;56394;59527;62660
3134;6268;9402;12536;15670;18804;21938;25072;28206;31340;34474;37608;40742;43876;47010;50144;53278;56412;59546;62680
3135;6270;9405;12540;15675;18810;21945;25080;28215;31350;34485;37620;40755;43890;47025;50160;53295;56430;59565;62700
3136;6272;9408;12544;15680;18816;21952;25088;28224;31360;34496;37632;40768;43904;47040;50176;53312;56448;59584;62720
3137;6274;9411;12548;15685;18822;21959;25096;28233;31370;34507;37644;40781;43918;47055;50192;53329;56466;59603;62740
3138;6276;9414;12552;15690;18828;21966;25104;28242;31380;34518;37656;40794;43932;47070;50208;53346;56484;59622;62760
3139;6278;9417;12556;15695;18834;21973;25112;28251;31390;34529;37668;40807;43946;47085;50224;53363;56502;59641;62780
3140;6280;9420;12560;15700;18840;21980;25120;28260;31400;34540;37680;40820;43960;47100;50240;53380;56520;59660;62800
3141;6282;9423;12564;15705;18846;21987;25128;28269;31410;34551;37692;40833;43974;47115;50256;53397;56538;59679;62820
3142;6284;9426;12568;15710;18852;21994;25136;28278;31420;34562;37704;40846;43988;47130;50272;53414;56556;59698;62840
3143;6286;9429;12572;15715;18858;22001;25144;28287;31430;34573;37716;40859;44002;47145;50288;53431;56574;59717;62860
3144;6288;9432;12576;15720;18864;22008;25152;28296;31440;34584;37728;40872;44016;47160;50304;53448;56592;59736;62880
3145;6290;9435;12580;15725;18870;22015;25160;28305;31450;34595;37740;40885;44030;47175;50320;53465;56610;59755;62900
3146;6292;9438;12584;15730;18876;22022;25168;28314;31460;34606;37752;40898;44044;47190;50336;53482;56628;59774;62920
3147;6294;9441;12588;15735;18882;22029;25176;28323;31470;34617;37764;40911;44058;47205;50352;53499;56646;59793;62940
3148;6296;9444;12592;15740;18888;22036;25184;28332;31480;34628;37776;40924;44072;47220;50368;53516;56664;59812;62960
3149;6298;9447;12596;15745;18894;22043;25192;28341;31490;34639;37788;40937;44086;47235;50384;53533;56682;59831;62980
3150;6300;9450;12600;15750;18900;22050;25200;28350;31500;34650;37800;40950;44100;47250;50400;53550;56700;59850;63000
3151;6302;9453;12604;15755;18906;22057;25208;28359;31510;34661;37812;40963;44114;47265;50416;53567;56718;59869;63020
3152;6304;9456;12608;15760;18912;22064;25216;28368;31520;34672;37824;40976;44128;47280;50432;53584;56736;59888;63040
3153;6306;9459;12612;15765;18918;22071;25224;28377;31530;34683;37836;40989;44142;47295;50448;53601;56754;59907;63060
3154;6308;9462;12616;15770;18924;22078;25232;28386;31540;34694;37848;41002;44156;47310;50464;53618;56772;59926;63080
3155;6310;9465;12620;15775;18930;22085;25240;28395;31550;34705;37860;41015;44170;47325;50480;53635;56790;59945;63100
3156;6312;9468;12624;15780;18936;22092;25248;28404;31560;34716;37872;41028;44184;47340;50496;53652;56808;59964;63120
3157;6314;9471;12628;15785;18942;22099;25256;28413;31570;34727;37884;41041;44198;47355;50512;53669;56826;59983;63140
3158;6316;9474;12632;15790;18948;22106;25264;28422;31580;34738;37896;41054;44212;47370;50528;53686;56844;60002;63160
3159;6318;9477;12636;15795;18954;22113;25272;28431;31590;34749;37908;41067;44226;47385;50544;53703;56862;60021;63180
3160;6320;9480;12640;15800;18960;22120;25280;28440;31600;34760;37920;41080;44240;47400;50560;53720;56880;60040;63200
3161;6322;9483;12644;15805;18966;22127;25288;28449;31610;34771;37932;41093;44254;47415;50576;53737;56898;60059;63220
3162;6324;9486;12648;15810;18972;22134;25296;28458;31620;34782;37944;41106;44268;47430;50592;53754;56916;60078;63240
3163;6326;9489;12652;15815;18978;22141;25304;28467;31630;34793;37956;41119;44282;47445;50608;53771;56934;60097;63260
3164;6328;9492;12656;15820;18984;22148;25312;28476;31640;34804;37968;41132;44296;47460;50624;53788;56952;60116;63280
3165;6330;9495;12660;15825;18990;22155;25320;28485;31650;34815;37980;41145;44310;47475;50640;53805;56970;60135;63300
3166;6332;9498;12664;15830;18996;22162;25328;28494;31660;34826;37992;41158;44324;47490;50656;53822;56988;60154;63320
3167;6334;9501;12668;15835;19002;22169;25336;28503;31670;34837;38004;41171;44338;47505;50672;53839;57006;60173;63340
3168;6336;9504;12672;15840;19008;22176;25344;28512;31680;34848;38016;41184;44352;47520;50688;53856;57024;60192;63360
3169;6338;9507;12676;15845;19014;22183;25352;28521;31690;34859;38028;41197;44366;47535;50704;53873;57042;60211;63380
3170;6340;9510;12680;15850;19020;22190;25360;28530;31700;34870;38040;41210;44380;47550;50720;53890;57060;60230;63400
3171;6342;9513;12684;15855;19026;22197;25368;28539;31710;34881;38052;41223;44394;47565;50736;53907;57078;60249;63420
3172;6344;9516;12688;15860;19032;22204;25376;28548;31720;34892;38064;41236;44408;47580;50752;53924;57096;60268;63440
3173;6346;9519;12692;15865;19038;22211;25384;28557;31730;34903;38076;41249;44422;47595;50768;53941;57114;60287;63460
3174;6348;9522;12696;15870;19044;22218;25392;28566;31740;34914;38088;41262;44436;47610;50784;53958;57132;60306;63480
3175;6350;9525;12700;15875;19050;22225;25400;28575;31750;34925;38100;41275;44450;47625;50800;53975;57150;60325;63500
3176;6352;9528;12704;15880;19056;22232;25408;28584;31760;34936;38112;41288;44464;47640;50816;53992;57168;60344;63520
3177;6354;9531;12708;15885;19062;22239;25416;28593;31770;34947;38124;41301;44478;47655;50832;54009;57186;60363;63540
3178;6356;9534;12712;15890;19068;22246;25424;28602;31780;34958;38136;41314;44492;47670;50848;54026;57204;60382;63560
3179;6358;9537;12716;15895;19074;22253;25432;28611;31790;34969;38148;41327;44506;47685;50864;54043;57222;60401;63580
3180;6360;9540;12720;15900;19080;22260;25440;28620;31800;34980;38160;41340;44520;47700;50880;54060;57240;60420;63600
3181;6362;9543;12724;15905;19086;22267;25448;28629;31810;34991;38172;41353;44534;47715;50896;54077;57258;60439;63620
3182;6364;9546;12728;15910;19092;22274;25456;28638;31820;35002;38184;41366;44548;47730;50912;54094;57276;60458;63640
3183;6366;9549;12732;15915;19098;22281;25464;28647;31830;35013;38196;41379;44562;47745;50928;54111;57294;60477;63660
3184;6368;9552;12736;15920;19104;22288;25472;28656;31840;35024;38208;41392;44576;47760;50944;54128;57312;60496;63680
3185;6370;9555;12740;15925;19110;22295;25480;28665;31850;35035;38220;41405;44590;47775;50960;54145;57330;60515;63700
3186;6372;9558;12744;15930;19116;22302;25488;28674;31860;35046;38232;41418;44604;47790;50976;54162;57348;60534;63720
3187;6374;9561;12748;15935;19122;22309;25496;28683;31870;35057;38244;41431;44618;47805;50992;54179;57366;60553;63740
3188;6376;9564;12752;15940;19128;22316;25504;28692;31880;35068;38256;41444;44632;47820;51008;54196;57384;60572;63760
3189;6378;9567;12756;15945;19134;22323;25512;28701;31890;35079;38268;41457;44646;47835;51024;54213;57402;60591;63780
3190;6380;9570;12760;15950;19140;22330;25520;28710;31900;35090;38280;41470;44660;47850;51040;54230;57420;60610;63800
3191;6382;9573;12764;15955;19146;22337;25528;28719;31910;35101;38292;41483;44674;47865;51056;54247;57438;60629;63820
3192;6384;9576;12768;15960;19152;22344;25536;28728;31920;35112;38304;41496;44688;47880;51072;54264;57456;60648;63840
3193;6386;9579;12772;15965;19158;22351;25544;28737;31930;35123;38316;41509;44702;47895;51088;54281;57474;60667;63860
3194;6388;9582;12776;15970;19164;22358;25552;28746;31940;35134;38328;41522;44716;47910;51104;54298;57492;60686;63880
3195;6390;9585;12780;15975;19170;22365;25560;28755;31950;35145;38340;41535;44730;47925;51120;54315;57510;60705;63900
3196;6392;9588;12784;15980;19176;22372;25568;28764;31960;35156;38352;41548;44744;47940;51136;54332;57528;60724;63920
3197;6394;9591;12788;15985;19182;22379;25576;28773;31970;35167;38364;41561;44758;47955;51152;54349;57546;60743;63940
3198;6396;9594;12792;15990;19188;22386;25584;28782;31980;35178;38376;41574;44772;47970;51168;54366;57564;60762;63960
3199;6398;9597;12796;15995;19194;22393;25592;28791;31990;35189;38388;41587;44786;47985;51184;54383;57582;60781;63980
3200;6400;9600;12800;16000;19200;22400;25600;28800;32000;35200;38400;41600;44800;48000;51200;54400;57600;60800;64000
3201;6402;9603;12804;16005;19206;22407;25608;28809;32010;35211;38412;41613;44814;48015;51216;54417;57618;60819;64020
3202;6404;9606;12808;16010;19212;22414;25616;28818;32020;35222;38424;41626;44828;48030;51232;54434;57636;60838;64040
3203;6406;9609;12812;16015;19218;22421;25624;28827;32030;35233;38436;41639;44842;48045;51248;54451;57654;60857;64060
3204;6408;9612;12816;16020;19224;22428;25632;28836;32040;35244;38448;41652;44856;48060;51264;54468;57672;60876;64080
3205;6410;9615;12820;16025;19230;22435;25640;28845;32050;35255;38460;41665;44870;48075;51280;54485;57690;60895;64100
3206;6412;9618;12824;16030;19236;22442;25648;28854;32060;35266;38472;41678;44884;48090;51296;54502;57708;60914;64120
3207;6414;9621;12828;16035;19242;22449;25656;28863;32070;35277;38484;41691;44898;48105;51312;54519;57726;60933;64140
3208;6416;9624;12832;16040;19248;22456;25664;28872;32080;35288;38496;41704;44912;48120;51328;54536;57744;60952;64160
3209;6418;9627;12836;16045;19254;22463;25672;28881;32090;35299;38508;41717;44926;48135;51344;54553;57762;60971;64180
3210;6420;9630;12840;16050;19260;22470;25680;28890;32100;35310;38520;41730;44940;48150;51360;54570;57780;60990;64200
3211;6422;9633;12844;16055;19266;22477;25688;28899;32110;35321;38532;41743;44954;48165;51376;54587;57798;61009;64220
3212;6424;9636;12848;16060;19272;22484;25696;28908;32120;35332;38544;41756;44968;48180;51392;54604;57816;61028;64240
3213;6426;9639;12852;16065;19278;22491;25704;28917;32130;35343;38556;41769;44982;48195;51408;54621;57834;61047;64260
3214;6428;9642;12856;16070;19284;22498;25712;28926;32140;35354;38568;41782;44996;48210;51424;54638;57852;61066;64280
3215;6430;9645;12860;16075;19290;22505;25720;28935;32150;35365;38580;41795;45010;48225;51440;54655;57870;61085;64300
3216;6432;9648;12864;16080;19296;22512;25728;28944;32160;35376;38592;41808;45024;48240;51456;54672;57888;61104;64320
3217;6434;9651;12868;16085;19302;22519;25736;28953;32170;35387;38604;41821;45038;48255;51472;54689;57906;61123;64340
3218;6436;9654;12872;16090;19308;22526;25744;28962;32180;35398;38616;41834;45052;48270;51488;54706;57924;61142;64360
3219;6438;9657;12876;16095;19314;22533;25752;28971;32190;35409;38628;41847;45066;48285;51504;54723;57942;61161;64380
3220;6440;9660;12880;16100;19320;22540;25760;28980;32200;35420;38640;41860;45080;48300;51520;54740;57960;61180;64400
3221;6442;9663;12884;16105;19326;22547;25768;28989;32210;35431;38652;41873;45094;48315;51536;54757;57978;61199;64420
3222;6444;9666;12888;16110;19332;22554;25776;28998;32220;35442;38664;41886;45108;48330;51552;54774;57996;61218;64440
3223;6446;9669;12892;16115;19338;22561;25784;29007;32230;35453;38676;41899;45122;48345;51568;54791;58014;61237;64460
3224;6448;9672;12896;16120;19344;22568;25792;29016;32240;35464;38688;41912;45136;48360;51584;54808;58032;61256;64480
3225;6450;9675;12900;16125;19350;22575;25800;29025;32250;35475;38700;41925;45150;48375;51600;54825;58050;61275;64500
3226;6452;9678;12904;16130;19356;22582;25808;29034;32260;35486;38712;41938;45164;48390;51616;54842;58068;61294;64520
3227;6454;9681;12908;16135;19362;22589;25816;29043;32270;35497;38724;41951;45178;48405;51632;54859;58086;61313;64540
3228;6456;9684;12912;16140;19368;22596;25824;29052;32280;35508;38736;41964;45192;48420;51648;54876;58104;61332;64560
3229;6458;9687;12916;16145;19374;22603;25832;29061;32290;35519;38748;41977;45206;48435;51664;54893;58122;61351;64580
3230;6460;9690;12920;16150;19380;22610;25840;29070;32300;35530;38760;41990;45220;48450;51680;54910;58140;61370;64600
3231;6462;9693;12924;16155;19386;22617;25848;29079;32310;35541;38772;42003;45234;48465;51696;54927;58158;61389;64620
3232;6464;9696;12928;16160;19392;22624;25856;29088;32320;35552;38784;42016;45248;48480;51712;54944;58176;61408;64640
3233;6466;9699;12932;16165;19398;22631;25864;29097;32330;35563;38796;42029;45262;48495;51728;54961;58194;61427;64660
3234;6468;9702;12936;16170;19404;22638;25872;29106;32340;35574;38808;42042;45276;48510;51744;54978;58212;61446;64680
3235;6470;9705;12940;16175;19410;22645;25880;29115;32350;35585;38820;42055;45290;48525;51760;54995;58230;61465;64700
3236;6472;9708;12944;16180;19416;22652;25888;29124;32360;35596;38832;42068;45304;48540;51776;55012;58248;61484;64720
3237;6474;9711;12948;16185;19422;22659;25896;29133;32370;35607;38844;42081;45318;48555;51792;55029;58266;61503;64740
3238;6476;9714;12952;16190;19428;22666;25904;29142;32380;35618;38856;42094;45332;48570;51808;55046;58284;61522;64760
3239;6478;9717;12956;16195;19434;22673;25912;29151;32390;35629;38868;42107;45346;48585;51824;55063;58302;61541;64780
3240;6480;9720;12960;16200;19440;22680;25920;29160;32400;35640;38880;42120;45360;48600;51840;55080;58320;61560;64800
3241;6482;9723;12964;16205;19446;22687;25928;29169;32410;35651;38892;42133;45374;48615;51856;55097;58338;61579;64820
3242;6484;9726;12968;16210;19452;22694;25936;29178;32420;35662;38904;42146;45388;48630;51872;55114;58356;61598;64840
3243;6486;9729;12972;16215;19458;22701;25944;29187;32430;35673;38916;42159;45402;48645;51888;55131;58374;61617;64860
3244;6488;9732;12976;16220;19464;22708;25952;29196;32440;35684;38928;42172;45416;48660;51904;55148;58392;61636;64880
3245;6490;9735;12980;16225;19470;22715;25960;29205;32450;35695;38940;42185;45430;48675;51920;55165;58410;61655;64900
3246;6492;9738;12984;16230;19476;22722;25968;29214;32460;35706;38952;42198;45444;48690;51936;55182;58428;61674;64920
3247;6494;9741;12988;16235;19482;22729;25976;29223;32470;35717;38964;42211;45458;48705;51952;55199;58446;61693;64940
3248;6496;9744;12992;16240;19488;22736;25984;29232;32480;35728;38976;42224;45472;48720;51968;55216;58464;61712;64960
3249;6498;9747;12996;16245;19494;22743;25992;29241;32490;35739;38988;42237;45486;48735;51984;55233;58482;61731;64980
3250;6500;9750;13000;16250;19500;22750;26000;29250;32500;35750;39000;42250;45500;48750;52000;55250;58500;61750;65000
3251;6502;9753;13004;16255;19506;22757;26008;29259;32510;35761;39012;42263;45514;48765;52016;55267;58518;61769;65020
3252;6504;9756;13008;16260;19512;22764;26016;29268;32520;35772;39024;42276;45528;48780;52032;55284;58536;61788;65040
3253;6506;9759;13012;16265;19518;22771;26024;29277;32530;35783;39036;42289;45542;48795;52048;55301;58554;61807;65060
3254;6508;9762;13016;16270;19524;22778;26032;29286;32540;35794;39048;42302;45556;48810;52064;55318;58572;61826;65080
3255;6510;9765;13020;16275;19530;22785;26040;29295;32550;35805;39060;42315;45570;48825;52080;55335;58590;61845;65100
3256;6512;9768;13024;16280;19536;22792;26048;29304;32560;35816;39072;42328;45584;48840;52096;55352;58608;61864;65120
3257;6514;9771;13028;16285;19542;22799;26056;29313;32570;35827;39084;42341;45598;48855;52112;55369;58626;61883;65140
3258;6516;9774;13032;16290;19548;22806;26064;29322;32580;35838;39096;42354;45612;48870;52128;55386;58644;61902;65160
3259;6518;9777;13036;16295;19554;22813;26072;29331;32590;35849;39108;42367;45626;48885;52144;55403;58662;61921;65180
3260;6520;9780;13040;16300;19560;22820;26080;29340;32600;35860;39120;42380;45640;48900;52160;55420;58680;61940;65200
3261;6522;9783;13044;16305;19566;22827;26088;29349;32610;35871;39132;42393;45654;48915;52176;55437;58698;61959;65220
3262;6524;9786;13048;16310;19572;22834;26096;29358;32620;35882;39144;42406;45668;48930;52192;55454;58716;61978;65240
3263;6526;9789;13052;16315;19578;22841;26104;29367;32630;35893;39156;42419;45682;48945;52208;55471;58734;61997;65260
3264;6528;9792;13056;16320;19584;22848;26112;29376;32640;35904;39168;42432;45696;48960;52224;55488;58752;62016;65280
3265;6530;9795;13060;16325;19590;22855;26120;29385;32650;35915;39180;42445;45710;48975;52240;55505;58770;62035;65300
3266;6532;9798;13064;16330;19596;22862;26128;29394;32660;35926;39192;42458;45724;48990;52256;55522;58788;62054;65320
3267;6534;9801;13068;16335;19602;22869;26136;29403;32670;35937;39204;42471;45738;49005;52272;55539;58806;62073;65340
3268;6536;9804;13072;16340;19608;22876;26144;29412;32680;35948;39216;42484;45752;49020;52288;55556;58824;62092;65360
3269;6538;9807;13076;16345;19614;22883;26152;29421;32690;35959;39228;42497;45766;49035;52304;55573;58842;62111;65380
3270;6540;9810;13080;16350;19620;22890;26160;29430;32700;35970;39240;42510;45780;49050;52320;55590;58860;62130;65400
3271;6542;9813;13084;16355;19626;22897;26168;29439;32710;35981;39252;42523;45794;49065;52336;55607;58878;62149;65420
3272;6544;9816;13088;16360;19632;22904;26176;29448;32720;35992;39264;42536;45808;49080;52352;55624;58896;62168;65440
3273;6546;9819;13092;16365;19638;22911;26184;29457;32730;36003;39276;42549;45822;49095;52368;55641;58914;62187;65460
3274;6548;9822;13096;16370;19644;22918;26192;29466;32740;36014;39288;42562;45836;49110;52384;55658;58932;62206;65480
3275;6550;9825;13100;16375;19650;22925;26200;29475;32750;36025;39300;42575;45850;49125;52400;55675;58950;62225;65500
3276;6552;9828;13104;16380;19656;22932;26208;29484;32760;36036;39312;42588;45864;49140;52416;55692;58968;62244;65520
3277;6554;9831;13108;16385;19662;22939;26216;29493;32770;36047;39324;42601;45878;49155;52432;55709;58986;62263;65540
3278;6556;9834;13112;16390;19668;22946;26224;29502;32780;36058;39336;42614;45892;49170;52448;55726;59004;62282;65560
3279;6558;9837;13116;16395;19674;22953;26232;29511;32790;36069;39348;42627;45906;49185;52464;55743;59022;62301;65580
3280;6560;9840;13120;16400;19680;22960;26240;29520;32800;36080;39360;42640;45920;49200;52480;55760;59040;62320;65600
3281;6562;9843;13124;16405;19686;22967;26248;29529;32810;36091;39372;42653;45934;49215;52496;55777;59058;62339;65620
3282;6564;9846;13128;16410;19692;22974;26256;29538;32820;36102;39384;42666;45948;49230;52512;55794;59076;62358;65640
3283;6566;9849;13132;16415;19698;22981;26264;29547;32830;36113;39396;42679;45962;49245;52528;55811;59094;62377;65660
3284;6568;9852;13136;16420;19704;22988;26272;29556;32840;36124;39408;42692;45976;49260;52544;55828;59112;62396;65680
3285;6570;9855;13140;16425;19710;22995;26280;29565;32850;36135;39420;42705;45990;49275;52560;55845;59130;62415;65700
3286;6572;9858;13144;16430;19716;23002;26288;29574;32860;36146;39432;42718;46004;49290;52576;55862;59148;62434;65720
3287;6574;9861;13148;16435;19722;23009;26296;29583;32870;36157;39444;42731;46018;49305;52592;55879;59166;62453;65740
3288;6576;9864;13152;16440;19728;23016;26304;29592;32880;36168;39456;42744;46032;49320;52608;55896;59184;62472;65760
3289;6578;9867;13156;16445;19734;23023;26312;29601;32890;36179;39468;42757;46046;49335;52624;55913;59202;62491;65780
3290;6580;9870;13160;16450;19740;23030;26320;29610;32900;36190;39480;42770;46060;49350;52640;55930;59220;62510;65800
3291;6582;9873;13164;16455;19746;23037;26328;29619;32910;36201;39492;42783;46074;49365;52656;55947;59238;62529;65820
3292;6584;9876;13168;16460;19752;23044;26336;29628;32920;36212;39504;42796;46088;49380;52672;55964;59256;62548;65840
3293;6586;9879;13172;16465;19758;23051;26344;29637;32930;36223;39516;42809;46102;49395;52688;55981;59274;62567;65860
3294;6588;9882;13176;16470;19764;23058;26352;29646;32940;36234;39528;42822;46116;49410;52704;55998;59292;62586;65880
3295;6590;9885;13180;16475;19770;23065;26360;29655;32950;36245;39540;42835;46130;49425;52720;56015;59310;62605;65900
3296;6592;9888;13184;16480;19776;23072;26368;29664;32960;36256;39552;42848;46144;49440;52736;56032;59328;62624;65920
3297;6594;9891;13188;16485;19782;23079;26376;29673;32970;36267;39564;42861;46158;49455;52752;56049;59346;62643;65940
3298;6596;9894;13192;16490;19788;23086;26384;29682;32980;36278;39576;42874;46172;49470;52768;56066;59364;62662;65960
3299;6598;9897;13196;16495;19794;23093;26392;29691;32990;36289;39588;42887;46186;49485;52784;56083;59382;62681;65980
3300;6600;9900;13200;16500;19800;23100;26400;29700;33000;36300;39600;42900;46200;49500;52800;56100;59400;62700;66000
3301;6602;9903;13204;16505;19806;23107;26408;29709;33010;36311;39612;42913;46214;49515;52816;56117;59418;62719;66020
3302;6604;9906;13208;16510;19812;23114;26416;29718;33020;36322;39624;42926;46228;49530;52832;56134;59436;62738;66040
3303;6606;9909;13212;16515;19818;23121;26424;29727;33030;36333;39636;42939;46242;49545;52848;56151;59454;62757;66060
3304;6608;9912;13216;16520;19824;23128;26432;29736;33040;36344;39648;42952;46256;49560;52864;56168;59472;62776;66080
3305;6610;9915;13220;16525;19830;23135;26440;29745;33050;36355;39660;42965;46270;49575;52880;56185;59490;62795;66100
3306;6612;9918;13224;16530;19836;23142;26448;29754;33060;36366;39672;42978;46284;49590;52896;56202;59508;62814;66120
3307;6614;9921;13228;16535;19842;23149;26456;29763;33070;36377;39684;42991;46298;49605;52912;56219;59526;62833;66140
3308;6616;9924;13232;16540;19848;23156;26464;29772;33080;36388;39696;43004;46312;49620;52928;56236;59544;62852;66160
3309;6618;9927;13236;16545;19854;23163;26472;29781;33090;36399;39708;43017;46326;49635;52944;56253;59562;62871;66180
3310;6620;9930;13240;16550;19860;23170;26480;29790;33100;36410;39720;43030;46340;49650;52960;56270;59580;62890;66200
3311;6622;9933;13244;16555;19866;23177;26488;29799;33110;36421;39732;43043;46354;49665;52976;56287;59598;62909;66220
3312;6624;9936;13248;16560;19872;23184;26496;29808;33120;36432;39744;43056;46368;49680;52992;56304;59616;62928;66240
3313;6626;9939;13252;16565;19878;23191;26504;29817;33130;36443;39756;43069;46382;49695;53008;56321;59634;62947;66260
3314;6628;9942;13256;16570;19884;23198;26512;29826;33140;36454;39768;43082;46396;49710;53024;56338;59652;62966;66280
3315;6630;9945;13260;16575;19890;23205;26520;29835;33150;36465;39780;43095;46410;49725;53040;56355;59670;62985;66300
3316;6632;9948;13264;16580;19896;23212;26528;29844;33160;36476;39792;43108;46424;49740;53056;56372;59688;63004;66320
3317;6634;9951;13268;16585;19902;23219;26536;29853;33170;36487;39804;43121;46438;49755;53072;56389;59706;63023;66340
3318;6636;9954;13272;16590;19908;23226;26544;29862;33180;36498;39816;43134;46452;49770;53088;56406;59724;63042;66360
3319;6638;9957;13276;16595;19914;23233;26552;29871;33190;36509;39828;43147;46466;49785;53104;56423;59742;63061;66380
3320;6640;9960;13280;16600;19920;23240;26560;29880;33200;36520;39840;43160;46480;49800;53120;56440;59760;63080;66400
3321;6642;9963;13284;16605;19926;23247;26568;29889;33210;36531;39852;43173;46494;49815;53136;56457;59778;63099;66420
3322;6644;9966;13288;16610;19932;23254;26576;29898;33220;36542;39864;43186;46508;49830;53152;56474;59796;63118;66440
3323;6646;9969;13292;16615;19938;23261;26584;29907;33230;36553;39876;43199;46522;49845;53168;56491;59814;63137;66460
3324;6648;9972;13296;16620;19944;23268;26592;29916;33240;36564;39888;43212;46536;49860;53184;56508;59832;63156;66480
3325;6650;9975;13300;16625;19950;23275;26600;29925;33250;36575;39900;43225;46550;49875;53200;56525;59850;63175;66500
3326;6652;9978;13304;16630;19956;23282;26608;29934;33260;36586;39912;43238;46564;49890;53216;56542;59868;63194;66520
3327;6654;9981;13308;16635;19962;23289;26616;29943;33270;36597;39924;43251;46578;49905;53232;56559;59886;63213;66540
3328;6656;9984;13312;16640;19968;23296;26624;29952;33280;36608;39936;43264;46592;49920;53248;56576;59904;63232;66560
3329;6658;9987;13316;16645;19974;23303;26632;29961;33290;36619;39948;43277;46606;49935;53264;56593;59922;63251;66580
3330;6660;9990;13320;16650;19980;23310;26640;29970;33300;36630;39960;43290;46620;49950;53280;56610;59940;63270;66600
3331;6662;9993;13324;16655;19986;23317;26648;29979;33310;36641;39972;43303;46634;49965;53296;56627;59958;63289;66620
3332;6664;9996;13328;16660;19992;23324;26656;29988;33320;36652;39984;43316;46648;49980;53312;56644;59976;63308;66640
3333;6666;9999;13332;16665;19998;23331;26664;29997;33330;36663;39996;43329;46662;49995;53328;56661;59994;63327;66660
3334;6668;10002;13336;16670;20004;23338;26672;30006;33340;36674;40008;43342;46676;50010;53344;56678;60012;63346;66680
3335;6670;10005;13340;16675;20010;23345;26680;30015;33350;36685;40020;43355;46690;50025;53360;56695;60030;63365;66700
3336;6672;10008;13344;16680;20016;23352;26688;30024;33360;36696;40032;43368;46704;50040;53376;56712;60048;63384;66720
3337;6674;10011;13348;16685;20022;23359;26696;30033;33370;36707;40044;43381;46718;50055;53392;56729;60066;63403;66740
3338;6676;10014;13352;16690;20028;23366;26704;30042;33380;36718;40056;43394;46732;50070;53408;56746;60084;63422;66760
3339;6678;10017;13356;16695;20034;23373;26712;30051;33390;36729;40068;43407;46746;50085;53424;56763;60102;63441;66780
3340;6680;10020;13360;16700;20040;23380;26720;30060;33400;36740;40080;43420;46760;50100;53440;56780;60120;63460;66800
3341;6682;10023;13364;16705;20046;23387;26728;30069;33410;36751;40092;43433;46774;50115;53456;56797;60138;63479;66820
3342;6684;10026;13368;16710;20052;23394;26736;30078;33420;36762;40104;43446;46788;50130;53472;56814;60156;63498;66840
3343;6686;10029;13372;16715;20058;23401;26744;30087;33430;36773;40116;43459;46802;50145;53488;56831;60174;63517;66860
3344;6688;10032;13376;16720;20064;23408;26752;30096;33440;36784;40128;43472;46816;50160;53504;56848;60192;63536;66880
3345;6690;10035;13380;16725;20070;23415;26760;30105;33450;36795;40140;43485;46830;50175;53520;56865;60210;63555;66900
3346;6692;10038;13384;16730;20076;23422;26768;30114;33460;36806;40152;43498;46844;50190;53536;56882;60228;63574;66920
3347;6694;10041;13388;16735;20082;23429;26776;30123;33470;36817;40164;43511;46858;50205;53552;56899;60246;63593;66940
3348;6696;10044;13392;16740;20088;23436;26784;30132;33480;36828;40176;43524;46872;50220;53568;56916;60264;63612;66960
3349;6698;10047;13396;16745;20094;23443;26792;30141;33490;36839;40188;43537;46886;50235;53584;56933;60282;63631;66980
3350;6700;10050;13400;16750;20100;23450;26800;30150;33500;36850;40200;43550;46900;50250;53600;56950;60300;63650;67000
3351;6702;10053;13404;16755;20106;23457;26808;30159;33510;36861;40212;43563;46914;50265;53616;56967;60318;63669;67020
3352;6704;10056;13408;16760;20112;23464;26816;30168;33520;36872;40224;43576;46928;50280;53632;56984;60336;63688;67040
3353;6706;10059;13412;16765;20118;23471;26824;30177;33530;36883;40236;43589;46942;50295;53648;57001;60354;63707;67060
3354;6708;10062;13416;16770;20124;23478;26832;30186;33540;36894;40248;43602;46956;50310;53664;57018;60372;63726;67080
3355;6710;10065;13420;16775;20130;23485;26840;30195;33550;36905;40260;43615;46970;50325;53680;57035;60390;63745;67100
3356;6712;10068;13424;16780;20136;23492;26848;30204;33560;36916;40272;43628;46984;50340;53696;57052;60408;63764;67120
3357;6714;10071;13428;16785;20142;23499;26856;30213;33570;36927;40284;43641;46998;50355;53712;57069;60426;63783;67140
3358;6716;10074;13432;16790;20148;23506;26864;30222;33580;36938;40296;43654;47012;50370;53728;57086;60444;63802;67160
3359;6718;10077;13436;16795;20154;23513;26872;30231;33590;36949;40308;43667;47026;50385;53744;57103;60462;63821;67180
3360;6720;10080;13440;16800;20160;23520;26880;30240;33600;36960;40320;43680;47040;50400;53760;57120;60480;63840;67200
3361;6722;10083;13444;16805;20166;23527;26888;30249;33610;36971;40332;43693;47054;50415;53776;57137;60498;63859;67220
3362;6724;10086;13448;16810;20172;23534;26896;30258;33620;36982;40344;43706;47068;50430;53792;57154;60516;63878;67240
3363;6726;10089;13452;16815;20178;23541;26904;30267;33630;36993;40356;43719;47082;50445;53808;57171;60534;63897;67260
3364;6728;10092;13456;16820;20184;23548;26912;30276;33640;37004;40368;43732;47096;50460;53824;57188;60552;63916;67280
3365;6730;10095;13460;16825;20190;23555;26920;30285;33650;37015;40380;43745;47110;50475;53840;57205;60570;63935;67300
3366;6732;10098;13464;16830;20196;23562;26928;30294;33660;37026;40392;43758;47124;50490;53856;57222;60588;63954;67320
3367;6734;10101;13468;16835;20202;23569;26936;30303;33670;37037;40404;43771;47138;50505;53872;57239;60606;63973;67340
3368;6736;10104;13472;16840;20208;23576;26944;30312;33680;37048;40416;43784;47152;50520;53888;57256;60624;63992;67360
3369;6738;10107;13476;16845;20214;23583;26952;30321;33690;37059;40428;43797;47166;50535;53904;57273;60642;64011;67380
3370;6740;10110;13480;16850;20220;23590;26960;30330;33700;37070;40440;43810;47180;50550;53920;57290;60660;64030;67400
3371;6742;10113;13484;16855;20226;23597;26968;30339;33710;37081;40452;43823;47194;50565;53936;57307;60678;64049;67420
3372;6744;10116;13488;16860;20232;23604;26976;30348;33720;37092;40464;43836;47208;50580;53952;57324;60696;64068;67440
3373;6746;10119;13492;16865;20238;23611;26984;30357;33730;37103;40476;43849;47222;50595;53968;57341;60714;64087;67460
3374;6748;10122;13496;16870;20244;23618;26992;30366;33740;37114;40488;43862;47236;50610;53984;57358;60732;64106;67480
3375;6750;10125;13500;16875;20250;23625;27000;30375;33750;37125;40500;43875;47250;50625;54000;57375;60750;64125;67500
3376;6752;10128;13504;16880;20256;23632;27008;30384;33760;37136;40512;43888;47264;50640;54016;57392;60768;64144;67520
3377;6754;10131;13508;16885;20262;23639;27016;30393;33770;37147;40524;43901;47278;50655;54032;57409;60786;64163;67540
3378;6756;10134;13512;16890;20268;23646;27024;30402;33780;37158;40536;43914;47292;50670;54048;57426;60804;64182;67560
3379;6758;10137;13516;16895;20274;23653;27032;30411;33790;37169;40548;43927;47306;50685;54064;57443;60822;64201;67580
3380;6760;10140;13520;16900;20280;23660;27040;30420;33800;37180;40560;43940;47320;50700;54080;57460;60840;64220;67600
3381;6762;10143;13524;16905;20286;23667;27048;30429;33810;37191;40572;43953;47334;50715;54096;57477;60858;64239;67620
3382;6764;10146;13528;16910;20292;23674;27056;30438;33820;37202;40584;43966;47348;50730;54112;57494;60876;64258;67640
3383;6766;10149;13532;16915;20298;23681;27064;30447;33830;37213;40596;43979;47362;50745;54128;57511;60894;64277;67660
3384;6768;10152;13536;16920;20304;23688;27072;30456;33840;37224;40608;43992;47376;50760;54144;57528;60912;64296;67680
3385;6770;10155;13540;16925;20310;23695;27080;30465;33850;37235;40620;44005;47390;50775;54160;57545;60930;64315;67700
3386;6772;10158;13544;16930;20316;23702;27088;30474;33860;37246;40632;44018;47404;50790;54176;57562;60948;64334;67720
3387;6774;10161;13548;16935;20322;23709;27096;30483;33870;37257;40644;44031;47418;50805;54192;57579;60966;64353;67740
3388;6776;10164;13552;16940;20328;23716;27104;30492;33880;37268;40656;44044;47432;50820;54208;57596;60984;64372;67760
3389;6778;10167;13556;16945;20334;23723;27112;30501;33890;37279;40668;44057;47446;50835;54224;57613;61002;64391;67780
3390;6780;10170;13560;16950;20340;23730;27120;30510;33900;37290;40680;44070;47460;50850;54240;57630;61020;64410;67800
3391;6782;10173;13564;16955;20346;23737;27128;30519;33910;37301;40692;44083;47474;50865;54256;57647;61038;64429;67820
3392;6784;10176;13568;16960;20352;23744;27136;30528;33920;37312;40704;44096;47488;50880;54272;57664;61056;64448;67840
3393;6786;10179;13572;16965;20358;23751;27144;30537;33930;37323;40716;44109;47502;50895;54288;57681;61074;64467;67860
3394;6788;10182;13576;16970;20364;23758;27152;30546;33940;37334;40728;44122;47516;50910;54304;57698;61092;64486;67880
3395;6790;10185;13580;16975;20370;23765;27160;30555;33950;37345;40740;44135;47530;50925;54320;57715;61110;64505;67900
3396;6792;10188;13584;16980;20376;23772;27168;30564;33960;37356;40752;44148;47544;50940;54336;57732;61128;64524;67920
3397;6794;10191;13588;16985;20382;23779;27176;30573;33970;37367;40764;44161;47558;50955;54352;57749;61146;64543;67940
3398;6796;10194;13592;16990;20388;23786;27184;30582;33980;37378;40776;44174;47572;50970;54368;57766;61164;64562;67960
3399;6798;10197;13596;16995;20394;23793;27192;30591;33990;37389;40788;44187;47586;50985;54384;57783;61182;64581;67980
3400;6800;10200;13600;17000;20400;23800;27200;30600;34000;37400;40800;44200;47600;51000;54400;57800;61200;64600;68000
3401;6802;10203;13604;17005;20406;23807;27208;30609;34010;37411;40812;44213;47614;51015;54416;57817;61218;64619;68020
3402;6804;10206;13608;17010;20412;23814;27216;30618;34020;37422;40824;44226;47628;51030;54432;57834;61236;64638;68040
3403;6806;10209;13612;17015;20418;23821;27224;30627;34030;37433;40836;44239;47642;51045;54448;57851;61254;64657;68060
3404;6808;10212;13616;17020;20424;23828;27232;30636;34040;37444;40848;44252;47656;51060;54464;57868;61272;64676;68080
3405;6810;10215;13620;17025;20430;23835;27240;30645;34050;37455;40860;44265;47670;51075;54480;57885;61290;64695;68100
3406;6812;10218;13624;17030;20436;23842;27248;30654;34060;37466;40872;44278;47684;51090;54496;57902;61308;64714;68120
3407;6814;10221;13628;17035;20442;23849;27256;30663;34070;37477;40884;44291;47698;51105;54512;57919;61326;64733;68140
3408;6816;10224;13632;17040;20448;23856;27264;30672;34080;37488;40896;44304;47712;51120;54528;57936;61344;64752;68160
3409;6818;10227;13636;17045;20454;23863;27272;30681;34090;37499;40908;44317;47726;51135;54544;57953;61362;64771;68180
3410;6820;10230;13640;17050;20460;23870;27280;30690;34100;37510;40920;44330;47740;51150;54560;57970;61380;64790;68200
3411;6822;10233;13644;17055;20466;23877;27288;30699;34110;37521;40932;44343;47754;51165;54576;57987;61398;64809;68220
3412;6824;10236;13648;17060;20472;23884;27296;30708;34120;37532;40944;44356;47768;51180;54592;58004;61416;64828;68240
3413;6826;10239;13652;17065;20478;23891;27304;30717;34130;37543;40956;44369;47782;51195;54608;58021;61434;64847;68260
3414;6828;10242;13656;17070;20484;23898;27312;30726;34140;37554;40968;44382;47796;51210;54624;58038;61452;64866;68280
3415;6830;10245;13660;17075;20490;23905;27320;30735;34150;37565;40980;44395;47810;51225;54640;58055;61470;64885;68300
3416;6832;10248;13664;17080;20496;23912;27328;30744;34160;37576;40992;44408;47824;51240;54656;58072;61488;64904;68320
3417;6834;10251;13668;17085;20502;23919;27336;30753;34170;37587;41004;44421;47838;51255;54672;58089;61506;64923;68340
3418;6836;10254;13672;17090;20508;23926;27344;30762;34180;37598;41016;44434;47852;51270;54688;58106;61524;64942;68360
3419;6838;10257;13676;17095;20514;23933;27352;30771;34190;37609;41028;44447;47866;51285;54704;58123;61542;64961;68380
3420;6840;10260;13680;17100;20520;23940;27360;30780;34200;37620;41040;44460;47880;51300;54720;58140;61560;64980;68400
3421;6842;10263;13684;17105;20526;23947;27368;30789;34210;37631;41052;44473;47894;51315;54736;58157;61578;64999;68420
3422;6844;10266;13688;17110;20532;23954;27376;30798;34220;37642;41064;44486;47908;51330;54752;58174;61596;65018;68440
3423;6846;10269;13692;17115;20538;23961;27384;30807;34230;37653;41076;44499;47922;51345;54768;58191;61614;65037;68460
3424;6848;10272;13696;17120;20544;23968;27392;30816;34240;37664;41088;44512;47936;51360;54784;58208;61632;65056;68480
3425;6850;10275;13700;17125;20550;23975;27400;30825;34250;37675;41100;44525;47950;51375;54800;58225;61650;65075;68500
3426;6852;10278;13704;17130;20556;23982;27408;30834;34260;37686;41112;44538;47964;51390;54816;58242;61668;65094;68520
3427;6854;10281;13708;17135;20562;23989;27416;30843;34270;37697;41124;44551;47978;51405;54832;58259;61686;65113;68540
3428;6856;10284;13712;17140;20568;23996;27424;30852;34280;37708;41136;44564;47992;51420;54848;58276;61704;65132;68560
3429;6858;10287;13716;17145;20574;24003;27432;30861;34290;37719;41148;44577;48006;51435;54864;58293;61722;65151;68580
3430;6860;10290;13720;17150;20580;24010;27440;30870;34300;37730;41160;44590;48020;51450;54880;58310;61740;65170;68600
3431;6862;10293;13724;17155;20586;24017;27448;30879;34310;37741;41172;44603;48034;51465;54896;58327;61758;65189;68620
3432;6864;10296;13728;17160;20592;24024;27456;30888;34320;37752;41184;44616;48048;51480;54912;58344;61776;65208;68640
3433;6866;10299;13732;17165;20598;24031;27464;30897;34330;37763;41196;44629;48062;51495;54928;58361;61794;65227;68660
3434;6868;10302;13736;17170;20604;24038;27472;30906;34340;37774;41208;44642;48076;51510;54944;58378;61812;65246;68680
3435;6870;10305;13740;17175;20610;24045;27480;30915;34350;37785;41220;44655;48090;51525;54960;58395;61830;65265;68700
3436;6872;10308;13744;17180;20616;24052;27488;30924;34360;37796;41232;44668;48104;51540;54976;58412;61848;65284;68720
3437;6874;10311;13748;17185;20622;24059;27496;30933;34370;37807;41244;44681;48118;51555;54992;58429;61866;65303;68740
3438;6876;10314;13752;17190;20628;24066;27504;30942;34380;37818;41256;44694;48132;51570;55008;58446;61884;65322;68760
3439;6878;10317;13756;17195;20634;24073;27512;30951;34390;37829;41268;44707;48146;51585;55024;58463;61902;65341;68780
3440;6880;10320;13760;17200;20640;24080;27520;30960;34400;37840;41280;44720;48160;51600;55040;58480;61920;65360;68800
3441;6882;10323;13764;17205;20646;24087;27528;30969;34410;37851;41292;44733;48174;51615;55056;58497;61938;65379;68820
3442;6884;10326;13768;17210;20652;24094;27536;30978;34420;37862;41304;44746;48188;51630;55072;58514;61956;65398;68840
3443;6886;10329;13772;17215;20658;24101;27544;30987;34430;37873;41316;44759;48202;51645;55088;58531;61974;65417;68860
3444;6888;10332;13776;17220;20664;24108;27552;30996;34440;37884;41328;44772;48216;51660;55104;58548;61992;65436;68880
3445;6890;10335;13780;17225;20670;24115;27560;31005;34450;37895;41340;44785;48230;51675;55120;58565;62010;65455;68900
3446;6892;10338;13784;17230;20676;24122;27568;31014;34460;37906;41352;44798;48244;51690;55136;58582;62028;65474;68920
3447;6894;10341;13788;17235;20682;24129;27576;31023;34470;37917;41364;44811;48258;51705;55152;58599;62046;65493;68940
3448;6896;10344;13792;17240;20688;24136;27584;31032;34480;37928;41376;44824;48272;51720;55168;58616;62064;65512;68960
3449;6898;10347;13796;17245;20694;24143;27592;31041;34490;37939;41388;44837;48286;51735;55184;58633;62082;65531;68980
3450;6900;10350;13800;17250;20700;24150;27600;31050;34500;37950;41400;44850;48300;51750;55200;58650;62100;65550;69000
3451;6902;10353;13804;17255;20706;24157;27608;31059;34510;37961;41412;44863;48314;51765;55216;58667;62118;65569;69020
3452;6904;10356;13808;17260;20712;24164;27616;31068;34520;37972;41424;44876;48328;51780;55232;58684;62136;65588;69040
3453;6906;10359;13812;17265;20718;24171;27624;31077;34530;37983;41436;44889;48342;51795;55248;58701;62154;65607;69060
3454;6908;10362;13816;17270;20724;24178;27632;31086;34540;37994;41448;44902;48356;51810;55264;58718;62172;65626;69080
3455;6910;10365;13820;17275;20730;24185;27640;31095;34550;38005;41460;44915;48370;51825;55280;58735;62190;65645;69100
3456;6912;10368;13824;17280;20736;24192;27648;31104;34560;38016;41472;44928;48384;51840;55296;58752;62208;65664;69120
3457;6914;10371;13828;17285;20742;24199;27656;31113;34570;38027;41484;44941;48398;51855;55312;58769;62226;65683;69140
3458;6916;10374;13832;17290;20748;24206;27664;31122;34580;38038;41496;44954;48412;51870;55328;58786;62244;65702;69160
3459;6918;10377;13836;17295;20754;24213;27672;31131;34590;38049;41508;44967;48426;51885;55344;58803;62262;65721;69180
3460;6920;10380;13840;17300;20760;24220;27680;31140;34600;38060;41520;44980;48440;51900;55360;58820;62280;65740;69200
3461;6922;10383;13844;17305;20766;24227;27688;31149;34610;38071;41532;44993;48454;51915;55376;58837;62298;65759;69220
3462;6924;10386;13848;17310;20772;24234;27696;31158;34620;38082;41544;45006;48468;51930;55392;58854;62316;65778;69240
3463;6926;10389;13852;17315;20778;24241;27704;31167;34630;38093;41556;45019;48482;51945;55408;58871;62334;65797;69260
3464;6928;10392;13856;17320;20784;24248;27712;31176;34640;38104;41568;45032;48496;51960;55424;58888;62352;65816;69280
3465;6930;10395;13860;17325;20790;24255;27720;31185;34650;38115;41580;45045;48510;51975;55440;58905;62370;65835;69300
3466;6932;10398;13864;17330;20796;24262;27728;31194;34660;38126;41592;45058;48524;51990;55456;58922;62388;65854;69320
3467;6934;10401;13868;17335;20802;24269;27736;31203;34670;38137;41604;45071;48538;52005;55472;58939;62406;65873;69340
3468;6936;10404;13872;17340;20808;24276;27744;31212;34680;38148;41616;45084;48552;52020;55488;58956;62424;65892;69360
3469;6938;10407;13876;17345;20814;24283;27752;31221;34690;38159;41628;45097;48566;52035;55504;58973;62442;65911;69380
3470;6940;10410;13880;17350;20820;24290;27760;31230;34700;38170;41640;45110;48580;52050;55520;58990;62460;65930;69400
3471;6942;10413;13884;17355;20826;24297;27768;31239;34710;38181;41652;45123;48594;52065;55536;59007;62478;65949;69420
3472;6944;10416;13888;17360;20832;24304;27776;31248;34720;38192;41664;45136;48608;52080;55552;59024;62496;65968;69440
3473;6946;10419;13892;17365;20838;24311;27784;31257;34730;38203;41676;45149;48622;52095;55568;59041;62514;65987;69460
3474;6948;10422;13896;17370;20844;24318;27792;31266;34740;38214;41688;45162;48636;52110;55584;59058;62532;66006;69480
3475;6950;10425;13900;17375;20850;24325;27800;31275;34750;38225;41700;45175;48650;52125;55600;59075;62550;66025;69500
3476;6952;10428;13904;17380;20856;24332;27808;31284;34760;38236;41712;45188;48664;52140;55616;59092;62568;66044;69520
3477;6954;10431;13908;17385;20862;24339;27816;31293;34770;38247;41724;45201;48678;52155;55632;59109;62586;66063;69540
3478;6956;10434;13912;17390;20868;24346;27824;31302;34780;38258;41736;45214;48692;52170;55648;59126;62604;66082;69560
3479;6958;10437;13916;17395;20874;24353;27832;31311;34790;38269;41748;45227;48706;52185;55664;59143;62622;66101;69580
3480;6960;10440;13920;17400;20880;24360;27840;31320;34800;38280;41760;45240;48720;52200;55680;59160;62640;66120;69600
3481;6962;10443;13924;17405;20886;24367;27848;31329;34810;38291;41772;45253;48734;52215;55696;59177;62658;66139;69620
3482;6964;10446;13928;17410;20892;24374;27856;31338;34820;38302;41784;45266;48748;52230;55712;59194;62676;66158;69640
3483;6966;10449;13932;17415;20898;24381;27864;31347;34830;38313;41796;45279;48762;52245;55728;59211;62694;66177;69660
3484;6968;10452;13936;17420;20904;24388;27872;31356;34840;38324;41808;45292;48776;52260;55744;59228;62712;66196;69680
3485;6970;10455;13940;17425;20910;24395;27880;31365;34850;38335;41820;45305;48790;52275;55760;59245;62730;66215;69700
3486;6972;10458;13944;17430;20916;24402;27888;31374;34860;38346;41832;45318;48804;52290;55776;59262;62748;66234;69720
3487;6974;10461;13948;17435;20922;24409;27896;31383;34870;38357;41844;45331;48818;52305;55792;59279;62766;66253;69740
3488;6976;10464;13952;17440;20928;24416;27904;31392;34880;38368;41856;45344;48832;52320;55808;59296;62784;66272;69760
3489;6978;10467;13956;17445;20934;24423;27912;31401;34890;38379;41868;45357;48846;52335;55824;59313;62802;66291;69780
3490;6980;10470;13960;17450;20940;24430;27920;31410;34900;38390;41880;45370;48860;52350;55840;59330;62820;66310;69800
3491;6982;10473;13964;17455;20946;24437;27928;31419;34910;38401;41892;45383;48874;52365;55856;59347;62838;66329;69820
3492;6984;10476;13968;17460;20952;24444;27936;31428;34920;38412;41904;45396;48888;52380;55872;59364;62856;66348;69840
3493;6986;10479;13972;17465;20958;24451;27944;31437;34930;38423;41916;45409;48902;52395;55888;59381;62874;66367;69860
3494;6988;10482;13976;17470;20964;24458;27952;31446;34940;38434;41928;45422;48916;52410;55904;59398;62892;66386;69880
3495;6990;10485;13980;17475;20970;24465;27960;31455;34950;38445;41940;45435;48930;52425;55920;59415;62910;66405;69900
3496;6992;10488;13984;17480;20976;24472;27968;31464;34960;38456;41952;45448;48944;52440;55936;59432;62928;66424;69920
3497;6994;10491;13988;17485;20982;24479;27976;31473;34970;38467;41964;45461;48958;52455;55952;59449;62946;66443;69940
3498;6996;10494;13992;17490;20988;24486;27984;31482;34980;38478;41976;45474;48972;52470;55968;59466;62964;66462;69960
3499;6998;10497;13996;17495;20994;24493;27992;31491;34990;38489;41988;45487;48986;52485;55984;59483;62982;66481;69980
3500;7000;10500;14000;17500;21000;24500;28000;31500;35000;38500;42000;45500;49000;52500;56000;59500;63000;66500;70000
3501;7002;10503;14004;17505;21006;24507;28008;31509;35010;38511;42012;45513;49014;52515;56016;59517;63018;66519;70020
3502;7004;10506;14008;17510;21012;24514;28016;31518;35020;38522;42024;45526;49028;52530;56032;59534;63036;66538;70040
3503;7006;10509;14012;17515;21018;24521;28024;31527;35030;38533;42036;45539;49042;52545;56048;59551;63054;66557;70060
3504;7008;10512;14016;17520;21024;24528;28032;31536;35040;38544;42048;45552;49056;52560;56064;59568;63072;66576;70080
3505;7010;10515;14020;17525;21030;24535;28040;31545;35050;38555;42060;45565;49070;52575;56080;59585;63090;66595;70100
3506;7012;10518;14024;17530;21036;24542;28048;31554;35060;38566;42072;45578;49084;52590;56096;59602;63108;66614;70120
3507;7014;10521;14028;17535;21042;24549;28056;31563;35070;38577;42084;45591;49098;52605;56112;59619;63126;66633;70140
3508;7016;10524;14032;17540;21048;24556;28064;31572;35080;38588;42096;45604;49112;52620;56128;59636;63144;66652;70160
3509;7018;10527;14036;17545;21054;24563;28072;31581;35090;38599;42108;45617;49126;52635;56144;59653;63162;66671;70180
3510;7020;10530;14040;17550;21060;24570;28080;31590;35100;38610;42120;45630;49140;52650;56160;59670;63180;66690;70200
3511;7022;10533;14044;17555;21066;24577;28088;31599;35110;38621;42132;45643;49154;52665;56176;59687;63198;66709;70220
3512;7024;10536;14048;17560;21072;24584;28096;31608;35120;38632;42144;45656;49168;52680;56192;59704;63216;66728;70240
3513;7026;10539;14052;17565;21078;24591;28104;31617;35130;38643;42156;45669;49182;52695;56208;59721;63234;66747;70260
3514;7028;10542;14056;17570;21084;24598;28112;31626;35140;38654;42168;45682;49196;52710;56224;59738;63252;66766;70280
3515;7030;10545;14060;17575;21090;24605;28120;31635;35150;38665;42180;45695;49210;52725;56240;59755;63270;66785;70300
3516;7032;10548;14064;17580;21096;24612;28128;31644;35160;38676;42192;45708;49224;52740;56256;59772;63288;66804;70320
3517;7034;10551;14068;17585;21102;24619;28136;31653;35170;38687;42204;45721;49238;52755;56272;59789;63306;66823;70340
3518;7036;10554;14072;17590;21108;24626;28144;31662;35180;38698;42216;45734;49252;52770;56288;59806;63324;66842;70360
3519;7038;10557;14076;17595;21114;24633;28152;31671;35190;38709;42228;45747;49266;52785;56304;59823;63342;66861;70380
3520;7040;10560;14080;17600;21120;24640;28160;31680;35200;38720;42240;45760;49280;52800;56320;59840;63360;66880;70400
3521;7042;10563;14084;17605;21126;24647;28168;31689;35210;38731;42252;45773;49294;52815;56336;59857;63378;66899;70420
3522;7044;10566;14088;17610;21132;24654;28176;31698;35220;38742;42264;45786;49308;52830;56352;59874;63396;66918;70440
3523;7046;10569;14092;17615;21138;24661;28184;31707;35230;38753;42276;45799;49322;52845;56368;59891;63414;66937;70460
3524;7048;10572;14096;17620;21144;24668;28192;31716;35240;38764;42288;45812;49336;52860;56384;59908;63432;66956;70480
3525;7050;10575;14100;17625;21150;24675;28200;31725;35250;38775;42300;45825;49350;52875;56400;59925;63450;66975;70500
3526;7052;10578;14104;17630;21156;24682;28208;31734;35260;38786;42312;45838;49364;52890;56416;59942;63468;66994;70520
3527;7054;10581;14108;17635;21162;24689;28216;31743;35270;38797;42324;45851;49378;52905;56432;59959;63486;67013;70540
3528;7056;10584;14112;17640;21168;24696;28224;31752;35280;38808;42336;45864;49392;52920;56448;59976;63504;67032;70560
3529;7058;10587;14116;17645;21174;24703;28232;31761;35290;38819;42348;45877;49406;52935;56464;59993;63522;67051;70580
3530;7060;10590;14120;17650;21180;24710;28240;31770;35300;38830;42360;45890;49420;52950;56480;60010;63540;67070;70600
3531;7062;10593;14124;17655;21186;24717;28248;31779;35310;38841;42372;45903;49434;52965;56496;60027;63558;67089;70620
3532;7064;10596;14128;17660;21192;24724;28256;31788;35320;38852;42384;45916;49448;52980;56512;60044;63576;67108;70640
3533;7066;10599;14132;17665;21198;24731;28264;31797;35330;38863;42396;45929;49462;52995;56528;60061;63594;67127;70660
3534;7068;10602;14136;17670;21204;24738;28272;31806;35340;38874;42408;45942;49476;53010;56544;60078;63612;67146;70680
3535;7070;10605;14140;17675;21210;24745;28280;31815;35350;38885;42420;45955;49490;53025;56560;60095;63630;67165;70700
3536;7072;10608;14144;17680;21216;24752;28288;31824;35360;38896;42432;45968;49504;53040;56576;60112;63648;67184;70720
3537;7074;10611;14148;17685;21222;24759;28296;31833;35370;38907;42444;45981;49518;53055;56592;60129;63666;67203;70740
3538;7076;10614;14152;17690;21228;24766;28304;31842;35380;38918;42456;45994;49532;53070;56608;60146;63684;67222;70760
3539;7078;10617;14156;17695;21234;24773;28312;31851;35390;38929;42468;46007;49546;53085;56624;60163;63702;67241;70780
3540;7080;10620;14160;17700;21240;24780;28320;31860;35400;38940;42480;46020;49560;53100;56640;60180;63720;67260;70800
3541;7082;10623;14164;17705;21246;24787;28328;31869;35410;38951;42492;46033;49574;53115;56656;60197;63738;67279;70820
3542;7084;10626;14168;17710;21252;24794;28336;31878;35420;38962;42504;46046;49588;53130;56672;60214;63756;67298;70840
3543;7086;10629;14172;17715;21258;24801;28344;31887;35430;38973;42516;46059;49602;53145;56688;60231;63774;67317;70860
3544;7088;10632;14176;17720;21264;24808;28352;31896;35440;38984;42528;46072;49616;53160;56704;60248;63792;67336;70880
3545;7090;10635;14180;17725;21270;24815;28360;31905;35450;38995;42540;46085;49630;53175;56720;60265;63810;67355;70900
3546;7092;10638;14184;17730;21276;24822;28368;31914;35460;39006;42552;46098;49644;53190;56736;60282;63828;67374;70920
3547;7094;10641;14188;17735;21282;24829;28376;31923;35470;39017;42564;46111;49658;53205;56752;60299;63846;67393;70940
3548;7096;10644;14192;17740;21288;24836;28384;31932;35480;39028;42576;46124;49672;53220;56768;60316;63864;67412;70960
3549;7098;10647;14196;17745;21294;24843;28392;31941;35490;39039;42588;46137;49686;53235;56784;60333;63882;67431;70980
3550;7100;10650;14200;17750;21300;24850;28400;31950;35500;39050;42600;46150;49700;53250;56800;60350;63900;67450;71000
3551;7102;10653;14204;17755;21306;24857;28408;31959;35510;39061;42612;46163;49714;53265;56816;60367;63918;67469;71020
3552;7104;10656;14208;17760;21312;24864;28416;31968;35520;39072;42624;46176;49728;53280;56832;60384;63936;67488;71040
3553;7106;10659;14212;17765;21318;24871;28424;31977;35530;39083;42636;46189;49742;53295;56848;60401;63954;67507;71060
3554;7108;10662;14216;17770;21324;24878;28432;31986;35540;39094;42648;46202;49756;53310;56864;60418;63972;67526;71080
3555;7110;10665;14220;17775;21330;24885;28440;31995;35550;39105;42660;46215;49770;53325;56880;60435;63990;67545;71100
3556;7112;10668;14224;17780;21336;24892;28448;32004;35560;39116;42672;46228;49784;53340;56896;60452;64008;67564;71120
3557;7114;10671;14228;17785;21342;24899;28456;32013;35570;39127;42684;46241;49798;53355;56912;60469;64026;67583;71140
3558;7116;10674;14232;17790;21348;24906;28464;32022;35580;39138;42696;46254;49812;53370;56928;60486;64044;67602;71160
3559;7118;10677;14236;17795;21354;24913;28472;32031;35590;39149;42708;46267;49826;53385;56944;60503;64062;67621;71180
3560;7120;10680;14240;17800;21360;24920;28480;32040;35600;39160;42720;46280;49840;53400;56960;60520;64080;67640;71200
3561;7122;10683;14244;17805;21366;24927;28488;32049;35610;39171;42732;46293;49854;53415;56976;60537;64098;67659;71220
3562;7124;10686;14248;17810;21372;24934;28496;32058;35620;39182;42744;46306;49868;53430;56992;60554;64116;67678;71240
3563;7126;10689;14252;17815;21378;24941;28504;32067;35630;39193;42756;46319;49882;53445;57008;60571;64134;67697;71260
3564;7128;10692;14256;17820;21384;24948;28512;32076;35640;39204;42768;46332;49896;53460;57024;60588;64152;67716;71280
3565;7130;10695;14260;17825;21390;24955;28520;32085;35650;39215;42780;46345;49910;53475;57040;60605;64170;67735;71300
3566;7132;10698;14264;17830;21396;24962;28528;32094;35660;39226;42792;46358;49924;53490;57056;60622;64188;67754;71320
3567;7134;10701;14268;17835;21402;24969;28536;32103;35670;39237;42804;46371;49938;53505;57072;60639;64206;67773;71340
3568;7136;10704;14272;17840;21408;24976;28544;32112;35680;39248;42816;46384;49952;53520;57088;60656;64224;67792;71360
3569;7138;10707;14276;17845;21414;24983;28552;32121;35690;39259;42828;46397;49966;53535;57104;60673;64242;67811;71380
3570;7140;10710;14280;17850;21420;24990;28560;32130;35700;39270;42840;46410;49980;53550;57120;60690;64260;67830;71400
3571;7142;10713;14284;17855;21426;24997;28568;32139;35710;39281;42852;46423;49994;53565;57136;60707;64278;67849;71420
3572;7144;10716;14288;17860;21432;25004;28576;32148;35720;39292;42864;46436;50008;53580;57152;60724;64296;67868;71440
3573;7146;10719;14292;17865;21438;25011;28584;32157;35730;39303;42876;46449;50022;53595;57168;60741;64314;67887;71460
3574;7148;10722;14296;17870;21444;25018;28592;32166;35740;39314;42888;46462;50036;53610;57184;60758;64332;67906;71480
3575;7150;10725;14300;17875;21450;25025;28600;32175;35750;39325;42900;46475;50050;53625;57200;60775;64350;67925;71500
3576;7152;10728;14304;17880;21456;25032;28608;32184;35760;39336;42912;46488;50064;53640;57216;60792;64368;67944;71520
3577;7154;10731;14308;17885;21462;25039;28616;32193;35770;39347;42924;46501;50078;53655;57232;60809;64386;67963;71540
3578;7156;10734;14312;17890;21468;25046;28624;32202;35780;39358;42936;46514;50092;53670;57248;60826;64404;67982;71560
3579;7158;10737;14316;17895;21474;25053;28632;32211;35790;39369;42948;46527;50106;53685;57264;60843;64422;68001;71580
3580;7160;10740;14320;17900;21480;25060;28640;32220;35800;39380;42960;46540;50120;53700;57280;60860;64440;68020;71600
3581;7162;10743;14324;17905;21486;25067;28648;32229;35810;39391;42972;46553;50134;53715;57296;60877;64458;68039;71620
3582;7164;10746;14328;17910;21492;25074;28656;32238;35820;39402;42984;46566;50148;53730;57312;60894;64476;68058;71640
3583;7166;10749;14332;17915;21498;25081;28664;32247;35830;39413;42996;46579;50162;53745;57328;60911;64494;68077;71660
3584;7168;10752;14336;17920;21504;25088;28672;32256;35840;39424;43008;46592;50176;53760;57344;60928;64512;68096;71680
3585;7170;10755;14340;17925;21510;25095;28680;32265;35850;39435;43020;46605;50190;53775;57360;60945;64530;68115;71700
3586;7172;10758;14344;17930;21516;25102;28688;32274;35860;39446;43032;46618;50204;53790;57376;60962;64548;68134;71720
3587;7174;10761;14348;17935;21522;25109;28696;32283;35870;39457;43044;46631;50218;53805;57392;60979;64566;68153;71740
3588;7176;10764;14352;17940;21528;25116;28704;32292;35880;39468;43056;46644;50232;53820;57408;60996;64584;68172;71760
3589;7178;10767;14356;17945;21534;25123;28712;32301;35890;39479;43068;46657;50246;53835;57424;61013;64602;68191;71780
3590;7180;10770;14360;17950;21540;25130;28720;32310;35900;39490;43080;46670;50260;53850;57440;61030;64620;68210;71800
3591;7182;10773;14364;17955;21546;25137;28728;32319;35910;39501;43092;46683;50274;53865;57456;61047;64638;68229;71820
3592;7184;10776;14368;17960;21552;25144;28736;32328;35920;39512;43104;46696;50288;53880;57472;61064;64656;68248;71840
3593;7186;10779;14372;17965;21558;25151;28744;32337;35930;39523;43116;46709;50302;53895;57488;61081;64674;68267;71860
3594;7188;10782;14376;17970;21564;25158;28752;32346;35940;39534;43128;46722;50316;53910;57504;61098;64692;68286;71880
3595;7190;10785;14380;17975;21570;25165;28760;32355;35950;39545;43140;46735;50330;53925;57520;61115;64710;68305;71900
3596;7192;10788;14384;17980;21576;25172;28768;32364;35960;39556;43152;46748;50344;53940;57536;61132;64728;68324;71920
3597;7194;10791;14388;17985;21582;25179;28776;32373;35970;39567;43164;46761;50358;53955;57552;61149;64746;68343;71940
3598;7196;10794;14392;17990;21588;25186;28784;32382;35980;39578;43176;46774;50372;53970;57568;61166;64764;68362;71960
3599;7198;10797;14396;17995;21594;25193;28792;32391;35990;39589;43188;46787;50386;53985;57584;61183;64782;68381;71980
3600;7200;10800;14400;18000;21600;25200;28800;32400;36000;39600;43200;46800;50400;54000;57600;61200;64800;68400;72000
3601;7202;10803;14404;18005;21606;25207;28808;32409;36010;39611;43212;46813;50414;54015;57616;61217;64818;68419;72020
3602;7204;10806;14408;18010;21612;25214;28816;32418;36020;39622;43224;46826;50428;54030;57632;61234;64836;68438;72040
3603;7206;10809;14412;18015;21618;25221;28824;32427;36030;39633;43236;46839;50442;54045;57648;61251;64854;68457;72060
3604;7208;10812;14416;18020;21624;25228;28832;32436;36040;39644;43248;46852;50456;54060;57664;61268;64872;68476;72080
3605;7210;10815;14420;18025;21630;25235;28840;32445;36050;39655;43260;46865;50470;54075;57680;61285;64890;68495;72100
3606;7212;10818;14424;18030;21636;25242;28848;32454;36060;39666;43272;46878;50484;54090;57696;61302;64908;68514;72120
3607;7214;10821;14428;18035;21642;25249;28856;32463;36070;39677;43284;46891;50498;54105;57712;61319;64926;68533;72140
3608;7216;10824;14432;18040;21648;25256;28864;32472;36080;39688;43296;46904;50512;54120;57728;61336;64944;68552;72160
3609;7218;10827;14436;18045;21654;25263;28872;32481;36090;39699;43308;46917;50526;54135;57744;61353;64962;68571;72180
3610;7220;10830;14440;18050;21660;25270;28880;32490;36100;39710;43320;46930;50540;54150;57760;61370;64980;68590;72200
3611;7222;10833;14444;18055;21666;25277;28888;32499;36110;39721;43332;46943;50554;54165;57776;61387;64998;68609;72220
3612;7224;10836;14448;18060;21672;25284;28896;32508;36120;39732;43344;46956;50568;54180;57792;61404;65016;68628;72240
3613;7226;10839;14452;18065;21678;25291;28904;32517;36130;39743;43356;46969;50582;54195;57808;61421;65034;68647;72260
3614;7228;10842;14456;18070;21684;25298;28912;32526;36140;39754;43368;46982;50596;54210;57824;61438;65052;68666;72280
3615;7230;10845;14460;18075;21690;25305;28920;32535;36150;39765;43380;46995;50610;54225;57840;61455;65070;68685;72300
3616;7232;10848;14464;18080;21696;25312;28928;32544;36160;39776;43392;47008;50624;54240;57856;61472;65088;68704;72320
3617;7234;10851;14468;18085;21702;25319;28936;32553;36170;39787;43404;47021;50638;54255;57872;61489;65106;68723;72340
3618;7236;10854;14472;18090;21708;25326;28944;32562;36180;39798;43416;47034;50652;54270;57888;61506;65124;68742;72360
3619;7238;10857;14476;18095;21714;25333;28952;32571;36190;39809;43428;47047;50666;54285;57904;61523;65142;68761;72380
3620;7240;10860;14480;18100;21720;25340;28960;32580;36200;39820;43440;47060;50680;54300;57920;61540;65160;68780;72400
3621;7242;10863;14484;18105;21726;25347;28968;32589;36210;39831;43452;47073;50694;54315;57936;61557;65178;68799;72420
3622;7244;10866;14488;18110;21732;25354;28976;32598;36220;39842;43464;47086;50708;54330;57952;61574;65196;68818;72440
3623;7246;10869;14492;18115;21738;25361;28984;32607;36230;39853;43476;47099;50722;54345;57968;61591;65214;68837;72460
3624;7248;10872;14496;18120;21744;25368;28992;32616;36240;39864;43488;47112;50736;54360;57984;61608;65232;68856;72480
3625;7250;10875;14500;18125;21750;25375;29000;32625;36250;39875;43500;47125;50750;54375;58000;61625;65250;68875;72500
3626;7252;10878;14504;18130;21756;25382;29008;32634;36260;39886;43512;47138;50764;54390;58016;61642;65268;68894;72520
3627;7254;10881;14508;18135;21762;25389;29016;32643;36270;39897;43524;47151;50778;54405;58032;61659;65286;68913;72540
3628;7256;10884;14512;18140;21768;25396;29024;32652;36280;39908;43536;47164;50792;54420;58048;61676;65304;68932;72560
3629;7258;10887;14516;18145;21774;25403;29032;32661;36290;39919;43548;47177;50806;54435;58064;61693;65322;68951;72580
3630;7260;10890;14520;18150;21780;25410;29040;32670;36300;39930;43560;47190;50820;54450;58080;61710;65340;68970;72600
3631;7262;10893;14524;18155;21786;25417;29048;32679;36310;39941;43572;47203;50834;54465;58096;61727;65358;68989;72620
3632;7264;10896;14528;18160;21792;25424;29056;32688;36320;39952;43584;47216;50848;54480;58112;61744;65376;69008;72640
3633;7266;10899;14532;18165;21798;25431;29064;32697;36330;39963;43596;47229;50862;54495;58128;61761;65394;69027;72660
3634;7268;10902;14536;18170;21804;25438;29072;32706;36340;39974;43608;47242;50876;54510;58144;61778;65412;69046;72680
3635;7270;10905;14540;18175;21810;25445;29080;32715;36350;39985;43620;47255;50890;54525;58160;61795;65430;69065;72700
3636;7272;10908;14544;18180;21816;25452;29088;32724;36360;39996;43632;47268;50904;54540;58176;61812;65448;69084;72720
3637;7274;10911;14548;18185;21822;25459;29096;32733;36370;40007;43644;47281;50918;54555;58192;61829;65466;69103;72740
3638;7276;10914;14552;18190;21828;25466;29104;32742;36380;40018;43656;47294;50932;54570;58208;61846;65484;69122;72760
3639;7278;10917;14556;18195;21834;25473;29112;32751;36390;40029;43668;47307;50946;54585;58224;61863;65502;69141;72780
3640;7280;10920;14560;18200;21840;25480;29120;32760;36400;40040;43680;47320;50960;54600;58240;61880;65520;69160;72800
3641;7282;10923;14564;18205;21846;25487;29128;32769;36410;40051;43692;47333;50974;54615;58256;61897;65538;69179;72820
3642;7284;10926;14568;18210;21852;25494;29136;32778;36420;40062;43704;47346;50988;54630;58272;61914;65556;69198;72840
3643;7286;10929;14572;18215;21858;25501;29144;32787;36430;40073;43716;47359;51002;54645;58288;61931;65574;69217;72860
3644;7288;10932;14576;18220;21864;25508;29152;32796;36440;40084;43728;47372;51016;54660;58304;61948;65592;69236;72880
3645;7290;10935;14580;18225;21870;25515;29160;32805;36450;40095;43740;47385;51030;54675;58320;61965;65610;69255;72900
3646;7292;10938;14584;18230;21876;25522;29168;32814;36460;40106;43752;47398;51044;54690;58336;61982;65628;69274;72920
3647;7294;10941;14588;18235;21882;25529;29176;32823;36470;40117;43764;47411;51058;54705;58352;61999;65646;69293;72940
3648;7296;10944;14592;18240;21888;25536;29184;32832;36480;40128;43776;47424;51072;54720;58368;62016;65664;69312;72960
3649;7298;10947;14596;18245;21894;25543;29192;32841;36490;40139;43788;47437;51086;54735;58384;62033;65682;69331;72980
3650;7300;10950;14600;18250;21900;25550;29200;32850;36500;40150;43800;47450;51100;54750;58400;62050;65700;69350;73000
3651;7302;10953;14604;18255;21906;25557;29208;32859;36510;40161;43812;47463;51114;54765;58416;62067;65718;69369;73020
3652;7304;10956;14608;18260;21912;25564;29216;32868;36520;40172;43824;47476;51128;54780;58432;62084;65736;69388;73040
3653;7306;10959;14612;18265;21918;25571;29224;32877;36530;40183;43836;47489;51142;54795;58448;62101;65754;69407;73060
3654;7308;10962;14616;18270;21924;25578;29232;32886;36540;40194;43848;47502;51156;54810;58464;62118;65772;69426;73080
3655;7310;10965;14620;18275;21930;25585;29240;32895;36550;40205;43860;47515;51170;54825;58480;62135;65790;69445;73100
3656;7312;10968;14624;18280;21936;25592;29248;32904;36560;40216;43872;47528;51184;54840;58496;62152;65808;69464;73120
3657;7314;10971;14628;18285;21942;25599;29256;32913;36570;40227;43884;47541;51198;54855;58512;62169;65826;69483;73140
3658;7316;10974;14632;18290;21948;25606;29264;32922;36580;40238;43896;47554;51212;54870;58528;62186;65844;69502;73160
3659;7318;10977;14636;18295;21954;25613;29272;32931;36590;40249;43908;47567;51226;54885;58544;62203;65862;69521;73180
3660;7320;10980;14640;18300;21960;25620;29280;32940;36600;40260;43920;47580;51240;54900;58560;62220;65880;69540;73200
3661;7322;10983;14644;18305;21966;25627;29288;32949;36610;40271;43932;47593;51254;54915;58576;62237;65898;69559;73220
3662;7324;10986;14648;18310;21972;25634;29296;32958;36620;40282;43944;47606;51268;54930;58592;62254;65916;69578;73240
3663;7326;10989;14652;18315;21978;25641;29304;32967;36630;40293;43956;47619;51282;54945;58608;62271;65934;69597;73260
3664;7328;10992;14656;18320;21984;25648;29312;32976;36640;40304;43968;47632;51296;54960;58624;62288;65952;69616;73280
3665;7330;10995;14660;18325;21990;25655;29320;32985;36650;40315;43980;47645;51310;54975;58640;62305;65970;69635;73300
3666;7332;10998;14664;18330;21996;25662;29328;32994;36660;40326;43992;47658;51324;54990;58656;62322;65988;69654;73320
3667;7334;11001;14668;18335;22002;25669;29336;33003;36670;40337;44004;47671;51338;55005;58672;62339;66006;69673;73340
3668;7336;11004;14672;18340;22008;25676;29344;33012;36680;40348;44016;47684;51352;55020;58688;62356;66024;69692;73360
3669;7338;11007;14676;18345;22014;25683;29352;33021;36690;40359;44028;47697;51366;55035;58704;62373;66042;69711;73380
3670;7340;11010;14680;18350;22020;25690;29360;33030;36700;40370;44040;47710;51380;55050;58720;62390;66060;69730;73400
3671;7342;11013;14684;18355;22026;25697;29368;33039;36710;40381;44052;47723;51394;55065;58736;62407;66078;69749;73420
3672;7344;11016;14688;18360;22032;25704;29376;33048;36720;40392;44064;47736;51408;55080;58752;62424;66096;69768;73440
3673;7346;11019;14692;18365;22038;25711;29384;33057;36730;40403;44076;47749;51422;55095;58768;62441;66114;69787;73460
3674;7348;11022;14696;18370;22044;25718;29392;33066;36740;40414;44088;47762;51436;55110;58784;62458;66132;69806;73480
3675;7350;11025;14700;18375;22050;25725;29400;33075;36750;40425;44100;47775;51450;55125;58800;62475;66150;69825;73500
3676;7352;11028;14704;18380;22056;25732;29408;33084;36760;40436;44112;47788;51464;55140;58816;62492;66168;69844;73520
3677;7354;11031;14708;18385;22062;25739;29416;33093;36770;40447;44124;47801;51478;55155;58832;62509;66186;69863;73540
3678;7356;11034;14712;18390;22068;25746;29424;33102;36780;40458;44136;47814;51492;55170;58848;62526;66204;69882;73560
3679;7358;11037;14716;18395;22074;25753;29432;33111;36790;40469;44148;47827;51506;55185;58864;62543;66222;69901;73580
3680;7360;11040;14720;18400;22080;25760;29440;33120;36800;40480;44160;47840;51520;55200;58880;62560;66240;69920;73600
3681;7362;11043;14724;18405;22086;25767;29448;33129;36810;40491;44172;47853;51534;55215;58896;62577;66258;69939;73620
3682;7364;11046;14728;18410;22092;25774;29456;33138;36820;40502;44184;47866;51548;55230;58912;62594;66276;69958;73640
3683;7366;11049;14732;18415;22098;25781;29464;33147;36830;40513;44196;47879;51562;55245;58928;62611;66294;69977;73660
3684;7368;11052;14736;18420;22104;25788;29472;33156;36840;40524;44208;47892;51576;55260;58944;62628;66312;69996;73680
3685;7370;11055;14740;18425;22110;25795;29480;33165;36850;40535;44220;47905;51590;55275;58960;62645;66330;70015;73700
3686;7372;11058;14744;18430;22116;25802;29488;33174;36860;40546;44232;47918;51604;55290;58976;62662;66348;70034;73720
3687;7374;11061;14748;18435;22122;25809;29496;33183;36870;40557;44244;47931;51618;55305;58992;62679;66366;70053;73740
3688;7376;11064;14752;18440;22128;25816;29504;33192;36880;40568;44256;47944;51632;55320;59008;62696;66384;70072;73760
3689;7378;11067;14756;18445;22134;25823;29512;33201;36890;40579;44268;47957;51646;55335;59024;62713;66402;70091;73780
3690;7380;11070;14760;18450;22140;25830;29520;33210;36900;40590;44280;47970;51660;55350;59040;62730;66420;70110;73800
3691;7382;11073;14764;18455;22146;25837;29528;33219;36910;40601;44292;47983;51674;55365;59056;62747;66438;70129;73820
3692;7384;11076;14768;18460;22152;25844;29536;33228;36920;40612;44304;47996;51688;55380;59072;62764;66456;70148;73840
3693;7386;11079;14772;18465;22158;25851;29544;33237;36930;40623;44316;48009;51702;55395;59088;62781;66474;70167;73860
3694;7388;11082;14776;18470;22164;25858;29552;33246;36940;40634;44328;48022;51716;55410;59104;62798;66492;70186;73880
3695;7390;11085;14780;18475;22170;25865;29560;33255;36950;40645;44340;48035;51730;55425;59120;62815;66510;70205;73900
3696;7392;11088;14784;18480;22176;25872;29568;33264;36960;40656;44352;48048;51744;55440;59136;62832;66528;70224;73920
3697;7394;11091;14788;18485;22182;25879;29576;33273;36970;40667;44364;48061;51758;55455;59152;62849;66546;70243;73940
3698;7396;11094;14792;18490;22188;25886;29584;33282;36980;40678;44376;48074;51772;55470;59168;62866;66564;70262;73960
3699;7398;11097;14796;18495;22194;25893;29592;33291;36990;40689;44388;48087;51786;55485;59184;62883;66582;70281;73980
3700;7400;11100;14800;18500;22200;25900;29600;33300;37000;40700;44400;48100;51800;55500;59200;62900;66600;70300;74000
3701;7402;11103;14804;18505;22206;25907;29608;33309;37010;40711;44412;48113;51814;55515;59216;62917;66618;70319;74020
3702;7404;11106;14808;18510;22212;25914;29616;33318;37020;40722;44424;48126;51828;55530;59232;62934;66636;70338;74040
3703;7406;11109;14812;18515;22218;25921;29624;33327;37030;40733;44436;48139;51842;55545;59248;62951;66654;70357;74060
3704;7408;11112;14816;18520;22224;25928;29632;33336;37040;40744;44448;48152;51856;55560;59264;62968;66672;70376;74080
3705;7410;11115;14820;18525;22230;25935;29640;33345;37050;40755;44460;48165;51870;55575;59280;62985;66690;70395;74100
3706;7412;11118;14824;18530;22236;25942;29648;33354;37060;40766;44472;48178;51884;55590;59296;63002;66708;70414;74120
3707;7414;11121;14828;18535;22242;25949;29656;33363;37070;40777;44484;48191;51898;55605;59312;63019;66726;70433;74140
3708;7416;11124;14832;18540;22248;25956;29664;33372;37080;40788;44496;48204;51912;55620;59328;63036;66744;70452;74160
3709;7418;11127;14836;18545;22254;25963;29672;33381;37090;40799;44508;48217;51926;55635;59344;63053;66762;70471;74180
3710;7420;11130;14840;18550;22260;25970;29680;33390;37100;40810;44520;48230;51940;55650;59360;63070;66780;70490;74200
3711;7422;11133;14844;18555;22266;25977;29688;33399;37110;40821;44532;48243;51954;55665;59376;63087;66798;70509;74220
3712;7424;11136;14848;18560;22272;25984;29696;33408;37120;40832;44544;48256;51968;55680;59392;63104;66816;70528;74240
3713;7426;11139;14852;18565;22278;25991;29704;33417;37130;40843;44556;48269;51982;55695;59408;63121;66834;70547;74260
3714;7428;11142;14856;18570;22284;25998;29712;33426;37140;40854;44568;48282;51996;55710;59424;63138;66852;70566;74280
3715;7430;11145;14860;18575;22290;26005;29720;33435;37150;40865;44580;48295;52010;55725;59440;63155;66870;70585;74300
3716;7432;11148;14864;18580;22296;26012;29728;33444;37160;40876;44592;48308;52024;55740;59456;63172;66888;70604;74320
3717;7434;11151;14868;18585;22302;26019;29736;33453;37170;40887;44604;48321;52038;55755;59472;63189;66906;70623;74340
3718;7436;11154;14872;18590;22308;26026;29744;33462;37180;40898;44616;48334;52052;55770;59488;63206;66924;70642;74360
3719;7438;11157;14876;18595;22314;26033;29752;33471;37190;40909;44628;48347;52066;55785;59504;63223;66942;70661;74380
3720;7440;11160;14880;18600;22320;26040;29760;33480;37200;40920;44640;48360;52080;55800;59520;63240;66960;70680;74400
3721;7442;11163;14884;18605;22326;26047;29768;33489;37210;40931;44652;48373;52094;55815;59536;63257;66978;70699;74420
3722;7444;11166;14888;18610;22332;26054;29776;33498;37220;40942;44664;48386;52108;55830;59552;63274;66996;70718;74440
3723;7446;11169;14892;18615;22338;26061;29784;33507;37230;40953;44676;48399;52122;55845;59568;63291;67014;70737;74460
3724;7448;11172;14896;18620;22344;26068;29792;33516;37240;40964;44688;48412;52136;55860;59584;63308;67032;70756;74480
3725;7450;11175;14900;18625;22350;26075;29800;33525;37250;40975;44700;48425;52150;55875;59600;63325;67050;70775;74500
3726;7452;11178;14904;18630;22356;26082;29808;33534;37260;40986;44712;48438;52164;55890;59616;63342;67068;70794;74520
3727;7454;11181;14908;18635;22362;26089;29816;33543;37270;40997;44724;48451;52178;55905;59632;63359;67086;70813;74540
3728;7456;11184;14912;18640;22368;26096;29824;33552;37280;41008;44736;48464;52192;55920;59648;63376;67104;70832;74560
3729;7458;11187;14916;18645;22374;26103;29832;33561;37290;41019;44748;48477;52206;55935;59664;63393;67122;70851;74580
3730;7460;11190;14920;18650;22380;26110;29840;33570;37300;41030;44760;48490;52220;55950;59680;63410;67140;70870;74600
3731;7462;11193;14924;18655;22386;26117;29848;33579;37310;41041;44772;48503;52234;55965;59696;63427;67158;70889;74620
3732;7464;11196;14928;18660;22392;26124;29856;33588;37320;41052;44784;48516;52248;55980;59712;63444;67176;70908;74640
3733;7466;11199;14932;18665;22398;26131;29864;33597;37330;41063;44796;48529;52262;55995;59728;63461;67194;70927;74660
3734;7468;11202;14936;18670;22404;26138;29872;33606;37340;41074;44808;48542;52276;56010;59744;63478;67212;70946;74680
3735;7470;11205;14940;18675;22410;26145;29880;33615;37350;41085;44820;48555;52290;56025;59760;63495;67230;70965;74700
3736;7472;11208;14944;18680;22416;26152;29888;33624;37360;41096;44832;48568;52304;56040;59776;63512;67248;70984;74720
3737;7474;11211;14948;18685;22422;26159;29896;33633;37370;41107;44844;48581;52318;56055;59792;63529;67266;71003;74740
3738;7476;11214;14952;18690;22428;26166;29904;33642;37380;41118;44856;48594;52332;56070;59808;63546;67284;71022;74760
3739;7478;11217;14956;18695;22434;26173;29912;33651;37390;41129;44868;48607;52346;56085;59824;63563;67302;71041;74780
3740;7480;11220;14960;18700;22440;26180;29920;33660;37400;41140;44880;48620;52360;56100;59840;63580;67320;71060;74800
3741;7482;11223;14964;18705;22446;26187;29928;33669;37410;41151;44892;48633;52374;56115;59856;63597;67338;71079;74820
3742;7484;11226;14968;18710;22452;26194;29936;33678;37420;41162;44904;48646;52388;56130;59872;63614;67356;71098;74840
3743;7486;11229;14972;18715;22458;26201;29944;33687;37430;41173;44916;48659;52402;56145;59888;63631;67374;71117;74860
3744;7488;11232;14976;18720;22464;26208;29952;33696;37440;41184;44928;48672;52416;56160;59904;63648;67392;71136;74880
3745;7490;11235;14980;18725;22470;26215;29960;33705;37450;41195;44940;48685;52430;56175;59920;63665;67410;71155;74900
3746;7492;11238;14984;18730;22476;26222;29968;33714;37460;41206;44952;48698;52444;56190;59936;63682;67428;71174;74920
3747;7494;11241;14988;18735;22482;26229;29976;33723;37470;41217;44964;48711;52458;56205;59952;63699;67446;71193;74940
3748;7496;11244;14992;18740;22488;26236;29984;33732;37480;41228;44976;48724;52472;56220;59968;63716;67464;71212;74960
3749;7498;11247;14996;18745;22494;26243;29992;33741;37490;41239;44988;48737;52486;56235;59984;63733;67482;71231;74980
3750;7500;11250;15000;18750;22500;26250;30000;33750;37500;41250;45000;48750;52500;56250;60000;63750;67500;71250;75000
3751;7502;11253;15004;18755;22506;26257;30008;33759;37510;41261;45012;48763;52514;56265;60016;63767;67518;71269;75020
3752;7504;11256;15008;18760;22512;26264;30016;33768;37520;41272;45024;48776;52528;56280;60032;63784;67536;71288;75040
3753;7506;11259;15012;18765;22518;26271;30024;33777;37530;41283;45036;48789;52542;56295;60048;63801;67554;71307;75060
3754;7508;11262;15016;18770;22524;26278;30032;33786;37540;41294;45048;48802;52556;56310;60064;63818;67572;71326;75080
3755;7510;11265;15020;18775;22530;26285;30040;33795;37550;41305;45060;48815;52570;56325;60080;63835;67590;71345;75100
3756;7512;11268;15024;18780;22536;26292;30048;33804;37560;41316;45072;48828;52584;56340;60096;63852;67608;71364;75120
3757;7514;11271;15028;18785;22542;26299;30056;33813;37570;41327;45084;48841;52598;56355;60112;63869;67626;71383;75140
3758;7516;11274;15032;18790;22548;26306;30064;33822;37580;41338;45096;48854;52612;56370;60128;63886;67644;71402;75160
3759;7518;11277;15036;18795;22554;26313;30072;33831;37590;41349;45108;48867;52626;56385;60144;63903;67662;71421;75180
3760;7520;11280;15040;18800;22560;26320;30080;33840;37600;41360;45120;48880;52640;56400;60160;63920;67680;71440;75200
3761;7522;11283;15044;18805;22566;26327;30088;33849;37610;41371;45132;48893;52654;56415;60176;63937;67698;71459;75220
3762;7524;11286;15048;18810;22572;26334;30096;33858;37620;41382;45144;48906;52668;56430;60192;63954;67716;71478;75240
3763;7526;11289;15052;18815;22578;26341;30104;33867;37630;41393;45156;48919;52682;56445;60208;63971;67734;71497;75260
3764;7528;11292;15056;18820;22584;26348;30112;33876;37640;41404;45168;48932;52696;56460;60224;63988;67752;71516;75280
3765;7530;11295;15060;18825;22590;26355;30120;33885;37650;41415;45180;48945;52710;56475;60240;64005;67770;71535;75300
3766;7532;11298;15064;18830;22596;26362;30128;33894;37660;41426;45192;48958;52724;56490;60256;64022;67788;71554;75320
3767;7534;11301;15068;18835;22602;26369;30136;33903;37670;41437;45204;48971;52738;56505;60272;64039;67806;71573;75340
3768;7536;11304;15072;18840;22608;26376;30144;33912;37680;41448;45216;48984;52752;56520;60288;64056;67824;71592;75360
3769;7538;11307;15076;18845;22614;26383;30152;33921;37690;41459;45228;48997;52766;56535;60304;64073;67842;71611;75380
3770;7540;11310;15080;18850;22620;26390;30160;33930;37700;41470;45240;49010;52780;56550;60320;64090;67860;71630;75400
3771;7542;11313;15084;18855;22626;26397;30168;33939;37710;41481;45252;49023;52794;56565;60336;64107;67878;71649;75420
3772;7544;11316;15088;18860;22632;26404;30176;33948;37720;41492;45264;49036;52808;56580;60352;64124;67896;71668;75440
3773;7546;11319;15092;18865;22638;26411;30184;33957;37730;41503;45276;49049;52822;56595;60368;64141;67914;71687;75460
3774;7548;11322;15096;18870;22644;26418;30192;33966;37740;41514;45288;49062;52836;56610;60384;64158;67932;71706;75480
3775;7550;11325;15100;18875;22650;26425;30200;33975;37750;41525;45300;49075;52850;56625;60400;64175;67950;71725;75500
3776;7552;11328;15104;18880;22656;26432;30208;33984;37760;41536;45312;49088;52864;56640;60416;64192;67968;71744;75520
3777;7554;11331;15108;18885;22662;26439;30216;33993;37770;41547;45324;49101;52878;56655;60432;64209;67986;71763;75540
3778;7556;11334;15112;18890;22668;26446;30224;34002;37780;41558;45336;49114;52892;56670;60448;64226;68004;71782;75560
3779;7558;11337;15116;18895;22674;26453;30232;34011;37790;41569;45348;49127;52906;56685;60464;64243;68022;71801;75580
3780;7560;11340;15120;18900;22680;26460;30240;34020;37800;41580;45360;49140;52920;56700;60480;64260;68040;71820;75600
3781;7562;11343;15124;18905;22686;26467;30248;34029;37810;41591;45372;49153;52934;56715;60496;64277;68058;71839;75620
3782;7564;11346;15128;18910;22692;26474;30256;34038;37820;41602;45384;49166;52948;56730;60512;64294;68076;71858;75640
3783;7566;11349;15132;18915;22698;26481;30264;34047;37830;41613;45396;49179;52962;56745;60528;64311;68094;71877;75660
3784;7568;11352;15136;18920;22704;26488;30272;34056;37840;41624;45408;49192;52976;56760;60544;64328;68112;71896;75680
3785;7570;11355;15140;18925;22710;26495;30280;34065;37850;41635;45420;49205;52990;56775;60560;64345;68130;71915;75700
3786;7572;11358;15144;18930;22716;26502;30288;34074;37860;41646;45432;49218;53004;56790;60576;64362;68148;71934;75720
3787;7574;11361;15148;18935;22722;26509;30296;34083;37870;41657;45444;49231;53018;56805;60592;64379;68166;71953;75740
3788;7576;11364;15152;18940;22728;26516;30304;34092;37880;41668;45456;49244;53032;56820;60608;64396;68184;71972;75760
3789;7578;11367;15156;18945;22734;26523;30312;34101;37890;41679;45468;49257;53046;56835;60624;64413;68202;71991;75780
3790;7580;11370;15160;18950;22740;26530;30320;34110;37900;41690;45480;49270;53060;56850;60640;64430;68220;72010;75800
3791;7582;11373;15164;18955;22746;26537;30328;34119;37910;41701;45492;49283;53074;56865;60656;64447;68238;72029;75820
3792;7584;11376;15168;18960;22752;26544;30336;34128;37920;41712;45504;49296;53088;56880;60672;64464;68256;72048;75840
3793;7586;11379;15172;18965;22758;26551;30344;34137;37930;41723;45516;49309;53102;56895;60688;64481;68274;72067;75860
3794;7588;11382;15176;18970;22764;26558;30352;34146;37940;41734;45528;49322;53116;56910;60704;64498;68292;72086;75880
3795;7590;11385;15180;18975;22770;26565;30360;34155;37950;41745;45540;49335;53130;56925;60720;64515;68310;72105;75900
3796;7592;11388;15184;18980;22776;26572;30368;34164;37960;41756;45552;49348;53144;56940;60736;64532;68328;72124;75920
3797;7594;11391;15188;18985;22782;26579;30376;34173;37970;41767;45564;49361;53158;56955;60752;64549;68346;72143;75940
3798;7596;11394;15192;18990;22788;26586;30384;34182;37980;41778;45576;49374;53172;56970;60768;64566;68364;72162;75960
3799;7598;11397;15196;18995;22794;26593;30392;34191;37990;41789;45588;49387;53186;56985;60784;64583;68382;72181;75980
3800;7600;11400;15200;19000;22800;26600;30400;34200;38000;41800;45600;49400;53200;57000;60800;64600;68400;72200;76000
3801;7602;11403;15204;19005;22806;26607;30408;34209;38010;41811;45612;49413;53214;57015;60816;64617;68418;72219;76020
3802;7604;11406;15208;19010;22812;26614;30416;34218;38020;41822;45624;49426;53228;57030;60832;64634;68436;72238;76040
3803;7606;11409;15212;19015;22818;26621;30424;34227;38030;41833;45636;49439;53242;57045;60848;64651;68454;72257;76060
3804;7608;11412;15216;19020;22824;26628;30432;34236;38040;41844;45648;49452;53256;57060;60864;64668;68472;72276;76080
3805;7610;11415;15220;19025;22830;26635;30440;34245;38050;41855;45660;49465;53270;57075;60880;64685;68490;72295;76100
3806;7612;11418;15224;19030;22836;26642;30448;34254;38060;41866;45672;49478;53284;57090;60896;64702;68508;72314;76120
3807;7614;11421;15228;19035;22842;26649;30456;34263;38070;41877;45684;49491;53298;57105;60912;64719;68526;72333;76140
3808;7616;11424;15232;19040;22848;26656;30464;34272;38080;41888;45696;49504;53312;57120;60928;64736;68544;72352;76160
3809;7618;11427;15236;19045;22854;26663;30472;34281;38090;41899;45708;49517;53326;57135;60944;64753;68562;72371;76180
3810;7620;11430;15240;19050;22860;26670;30480;34290;38100;41910;45720;49530;53340;57150;60960;64770;68580;72390;76200
3811;7622;11433;15244;19055;22866;26677;30488;34299;38110;41921;45732;49543;53354;57165;60976;64787;68598;72409;76220
3812;7624;11436;15248;19060;22872;26684;30496;34308;38120;41932;45744;49556;53368;57180;60992;64804;68616;72428;76240
3813;7626;11439;15252;19065;22878;26691;30504;34317;38130;41943;45756;49569;53382;57195;61008;64821;68634;72447;76260
3814;7628;11442;15256;19070;22884;26698;30512;34326;38140;41954;45768;49582;53396;57210;61024;64838;68652;72466;76280
3815;7630;11445;15260;19075;22890;26705;30520;34335;38150;41965;45780;49595;53410;57225;61040;64855;68670;72485;76300
3816;7632;11448;15264;19080;22896;26712;30528;34344;38160;41976;45792;49608;53424;57240;61056;64872;68688;72504;76320
3817;7634;11451;15268;19085;22902;26719;30536;34353;38170;41987;45804;49621;53438;57255;61072;64889;68706;72523;76340
3818;7636;11454;15272;19090;22908;26726;30544;34362;38180;41998;45816;49634;53452;57270;61088;64906;68724;72542;76360
3819;7638;11457;15276;19095;22914;26733;30552;34371;38190;42009;45828;49647;53466;57285;61104;64923;68742;72561;76380
3820;7640;11460;15280;19100;22920;26740;30560;34380;38200;42020;45840;49660;53480;57300;61120;64940;68760;72580;76400
3821;7642;11463;15284;19105;22926;26747;30568;34389;38210;42031;45852;49673;53494;57315;61136;64957;68778;72599;76420
3822;7644;11466;15288;19110;22932;26754;30576;34398;38220;42042;45864;49686;53508;57330;61152;64974;68796;72618;76440
3823;7646;11469;15292;19115;22938;26761;30584;34407;38230;42053;45876;49699;53522;57345;61168;64991;68814;72637;76460
3824;7648;11472;15296;19120;22944;26768;30592;34416;38240;42064;45888;49712;53536;57360;61184;65008;68832;72656;76480
3825;7650;11475;15300;19125;22950;26775;30600;34425;38250;42075;45900;49725;53550;57375;61200;65025;68850;72675;76500
3826;7652;11478;15304;19130;22956;26782;30608;34434;38260;42086;45912;49738;53564;57390;61216;65042;68868;72694;76520
3827;7654;11481;15308;19135;22962;26789;30616;34443;38270;42097;45924;49751;53578;57405;61232;65059;68886;72713;76540
3828;7656;11484;15312;19140;22968;26796;30624;34452;38280;42108;45936;49764;53592;57420;61248;65076;68904;72732;76560
3829;7658;11487;15316;19145;22974;26803;30632;34461;38290;42119;45948;49777;53606;57435;61264;65093;68922;72751;76580
3830;7660;11490;15320;19150;22980;26810;30640;34470;38300;42130;45960;49790;53620;57450;61280;65110;68940;72770;76600
3831;7662;11493;15324;19155;22986;26817;30648;34479;38310;42141;45972;49803;53634;57465;61296;65127;68958;72789;76620
3832;7664;11496;15328;19160;22992;26824;30656;34488;38320;42152;45984;49816;53648;57480;61312;65144;68976;72808;76640
3833;7666;11499;15332;19165;22998;26831;30664;34497;38330;42163;45996;49829;53662;57495;61328;65161;68994;72827;76660
3834;7668;11502;15336;19170;23004;26838;30672;34506;38340;42174;46008;49842;53676;57510;61344;65178;69012;72846;76680
3835;7670;11505;15340;19175;23010;26845;30680;34515;38350;42185;46020;49855;53690;57525;61360;65195;69030;72865;76700
3836;7672;11508;15344;19180;23016;26852;30688;34524;38360;42196;46032;49868;53704;57540;61376;65212;69048;72884;76720
3837;7674;11511;15348;19185;23022;26859;30696;34533;38370;42207;46044;49881;53718;57555;61392;65229;69066;72903;76740
3838;7676;11514;15352;19190;23028;26866;30704;34542;38380;42218;46056;49894;53732;57570;61408;65246;69084;72922;76760
3839;7678;11517;15356;19195;23034;26873;30712;34551;38390;42229;46068;49907;53746;57585;61424;65263;69102;72941;76780
3840;7680;11520;15360;19200;23040;26880;30720;34560;38400;42240;46080;49920;53760;57600;61440;65280;69120;72960;76800
3841;7682;11523;15364;19205;23046;26887;30728;34569;38410;42251;46092;49933;53774;57615;61456;65297;69138;72979;76820
3842;7684;11526;15368;19210;23052;26894;30736;34578;38420;42262;46104;49946;53788;57630;61472;65314;69156;72998;76840
3843;7686;11529;15372;19215;23058;26901;30744;34587;38430;42273;46116;49959;53802;57645;61488;65331;69174;73017;76860
3844;7688;11532;15376;19220;23064;26908;30752;34596;38440;42284;46128;49972;53816;57660;61504;65348;69192;73036;76880
3845;7690;11535;15380;19225;23070;26915;30760;34605;38450;42295;46140;49985;53830;57675;61520;65365;69210;73055;76900
3846;7692;11538;15384;19230;23076;26922;30768;34614;38460;42306;46152;49998;53844;57690;61536;65382;69228;73074;76920
3847;7694;11541;15388;19235;23082;26929;30776;34623;38470;42317;46164;50011;53858;57705;61552;65399;69246;73093;76940
3848;7696;11544;15392;19240;23088;26936;30784;34632;38480;42328;46176;50024;53872;57720;61568;65416;69264;73112;76960
3849;7698;11547;15396;19245;23094;26943;30792;34641;38490;42339;46188;50037;53886;57735;61584;65433;69282;73131;76980
3850;7700;11550;15400;19250;23100;26950;30800;34650;38500;42350;46200;50050;53900;57750;61600;65450;69300;73150;77000
3851;7702;11553;15404;19255;23106;26957;30808;34659;38510;42361;46212;50063;53914;57765;61616;65467;69318;73169;77020
3852;7704;11556;15408;19260;23112;26964;30816;34668;38520;42372;46224;50076;53928;57780;61632;65484;69336;73188;77040
3853;7706;11559;15412;19265;23118;26971;30824;34677;38530;42383;46236;50089;53942;57795;61648;65501;69354;73207;77060
3854;7708;11562;15416;19270;23124;26978;30832;34686;38540;42394;46248;50102;53956;57810;61664;65518;69372;73226;77080
3855;7710;11565;15420;19275;23130;26985;30840;34695;38550;42405;46260;50115;53970;57825;61680;65535;69390;73245;77100
3856;7712;11568;15424;19280;23136;26992;30848;34704;38560;42416;46272;50128;53984;57840;61696;65552;69408;73264;77120
3857;7714;11571;15428;19285;23142;26999;30856;34713;38570;42427;46284;50141;53998;57855;61712;65569;69426;73283;77140
3858;7716;11574;15432;19290;23148;27006;30864;34722;38580;42438;46296;50154;54012;57870;61728;65586;69444;73302;77160
3859;7718;11577;15436;19295;23154;27013;30872;34731;38590;42449;46308;50167;54026;57885;61744;65603;69462;73321;77180
3860;7720;11580;15440;19300;23160;27020;30880;34740;38600;42460;46320;50180;54040;57900;61760;65620;69480;73340;77200
3861;7722;11583;15444;19305;23166;27027;30888;34749;38610;42471;46332;50193;54054;57915;61776;65637;69498;73359;77220
3862;7724;11586;15448;19310;23172;27034;30896;34758;38620;42482;46344;50206;54068;57930;61792;65654;69516;73378;77240
3863;7726;11589;15452;19315;23178;27041;30904;34767;38630;42493;46356;50219;54082;57945;61808;65671;69534;73397;77260
3864;7728;11592;15456;19320;23184;27048;30912;34776;38640;42504;46368;50232;54096;57960;61824;65688;69552;73416;77280
3865;7730;11595;15460;19325;23190;27055;30920;34785;38650;42515;46380;50245;54110;57975;61840;65705;69570;73435;77300
3866;7732;11598;15464;19330;23196;27062;30928;34794;38660;42526;46392;50258;54124;57990;61856;65722;69588;73454;77320
3867;7734;11601;15468;19335;23202;27069;30936;34803;38670;42537;46404;50271;54138;58005;61872;65739;69606;73473;77340
3868;7736;11604;15472;19340;23208;27076;30944;34812;38680;42548;46416;50284;54152;58020;61888;65756;69624;73492;77360
3869;7738;11607;15476;19345;23214;27083;30952;34821;38690;42559;46428;50297;54166;58035;61904;65773;69642;73511;77380
3870;7740;11610;15480;19350;23220;27090;30960;34830;38700;42570;46440;50310;54180;58050;61920;65790;69660;73530;77400
3871;7742;11613;15484;19355;23226;27097;30968;34839;38710;42581;46452;50323;54194;58065;61936;65807;69678;73549;77420
3872;7744;11616;15488;19360;23232;27104;30976;34848;38720;42592;46464;50336;54208;58080;61952;65824;69696;73568;77440
3873;7746;11619;15492;19365;23238;27111;30984;34857;38730;42603;46476;50349;54222;58095;61968;65841;69714;73587;77460
3874;7748;11622;15496;19370;23244;27118;30992;34866;38740;42614;46488;50362;54236;58110;61984;65858;69732;73606;77480
3875;7750;11625;15500;19375;23250;27125;31000;34875;38750;42625;46500;50375;54250;58125;62000;65875;69750;73625;77500
3876;7752;11628;15504;19380;23256;27132;31008;34884;38760;42636;46512;50388;54264;58140;62016;65892;69768;73644;77520
3877;7754;11631;15508;19385;23262;27139;31016;34893;38770;42647;46524;50401;54278;58155;62032;65909;69786;73663;77540
3878;7756;11634;15512;19390;23268;27146;31024;34902;38780;42658;46536;50414;54292;58170;62048;65926;69804;73682;77560
3879;7758;11637;15516;19395;23274;27153;31032;34911;38790;42669;46548;50427;54306;58185;62064;65943;69822;73701;77580
3880;7760;11640;15520;19400;23280;27160;31040;34920;38800;42680;46560;50440;54320;58200;62080;65960;69840;73720;77600
3881;7762;11643;15524;19405;23286;27167;31048;34929;38810;42691;46572;50453;54334;58215;62096;65977;69858;73739;77620
3882;7764;11646;15528;19410;23292;27174;31056;34938;38820;42702;46584;50466;54348;58230;62112;65994;69876;73758;77640
3883;7766;11649;15532;19415;23298;27181;31064;34947;38830;42713;46596;50479;54362;58245;62128;66011;69894;73777;77660
3884;7768;11652;15536;19420;23304;27188;31072;34956;38840;42724;46608;50492;54376;58260;62144;66028;69912;73796;77680
3885;7770;11655;15540;19425;23310;27195;31080;34965;38850;42735;46620;50505;54390;58275;62160;66045;69930;73815;77700
3886;7772;11658;15544;19430;23316;27202;31088;34974;38860;42746;46632;50518;54404;58290;62176;66062;69948;73834;77720
3887;7774;11661;15548;19435;23322;27209;31096;34983;38870;42757;46644;50531;54418;58305;62192;66079;69966;73853;77740
3888;7776;11664;15552;19440;23328;27216;31104;34992;38880;42768;46656;50544;54432;58320;62208;66096;69984;73872;77760
3889;7778;11667;15556;19445;23334;27223;31112;35001;38890;42779;46668;50557;54446;58335;62224;66113;70002;73891;77780
3890;7780;11670;15560;19450;23340;27230;31120;35010;38900;42790;46680;50570;54460;58350;62240;66130;70020;73910;77800
3891;7782;11673;15564;19455;23346;27237;31128;35019;38910;42801;46692;50583;54474;58365;62256;66147;70038;73929;77820
3892;7784;11676;15568;19460;23352;27244;31136;35028;38920;42812;46704;50596;54488;58380;62272;66164;70056;73948;77840
3893;7786;11679;15572;19465;23358;27251;31144;35037;38930;42823;46716;50609;54502;58395;62288;66181;70074;73967;77860
3894;7788;11682;15576;19470;23364;27258;31152;35046;38940;42834;46728;50622;54516;58410;62304;66198;70092;73986;77880
3895;7790;11685;15580;19475;23370;27265;31160;35055;38950;42845;46740;50635;54530;58425;62320;66215;70110;74005;77900
3896;7792;11688;15584;19480;23376;27272;31168;35064;38960;42856;46752;50648;54544;58440;62336;66232;70128;74024;77920
3897;7794;11691;15588;19485;23382;27279;31176;35073;38970;42867;46764;50661;54558;58455;62352;66249;70146;74043;77940
3898;7796;11694;15592;19490;23388;27286;31184;35082;38980;42878;46776;50674;54572;58470;62368;66266;70164;74062;77960
3899;7798;11697;15596;19495;23394;27293;31192;35091;38990;42889;46788;50687;54586;58485;62384;66283;70182;74081;77980
3900;7800;11700;15600;19500;23400;27300;31200;35100;39000;42900;46800;50700;54600;58500;62400;66300;70200;74100;78000
3901;7802;11703;15604;19505;23406;27307;31208;35109;39010;42911;46812;50713;54614;58515;62416;66317;70218;74119;78020
3902;7804;11706;15608;19510;23412;27314;31216;35118;39020;42922;46824;50726;54628;58530;62432;66334;70236;74138;78040
3903;7806;11709;15612;19515;23418;27321;31224;35127;39030;42933;46836;50739;54642;58545;62448;66351;70254;74157;78060
3904;7808;11712;15616;19520;23424;27328;31232;35136;39040;42944;46848;50752;54656;58560;62464;66368;70272;74176;78080
3905;7810;11715;15620;19525;23430;27335;31240;35145;39050;42955;46860;50765;54670;58575;62480;66385;70290;74195;78100
3906;7812;11718;15624;19530;23436;27342;31248;35154;39060;42966;46872;50778;54684;58590;62496;66402;70308;74214;78120
3907;7814;11721;15628;19535;23442;27349;31256;35163;39070;42977;46884;50791;54698;58605;62512;66419;70326;74233;78140
3908;7816;11724;15632;19540;23448;27356;31264;35172;39080;42988;46896;50804;54712;58620;62528;66436;70344;74252;78160
3909;7818;11727;15636;19545;23454;27363;31272;35181;39090;42999;46908;50817;54726;58635;62544;66453;70362;74271;78180
3910;7820;11730;15640;19550;23460;27370;31280;35190;39100;43010;46920;50830;54740;58650;62560;66470;70380;74290;78200
3911;7822;11733;15644;19555;23466;27377;31288;35199;39110;43021;46932;50843;54754;58665;62576;66487;70398;74309;78220
3912;7824;11736;15648;19560;23472;27384;31296;35208;39120;43032;46944;50856;54768;58680;62592;66504;70416;74328;78240
3913;7826;11739;15652;19565;23478;27391;31304;35217;39130;43043;46956;50869;54782;58695;62608;66521;70434;74347;78260
3914;7828;11742;15656;19570;23484;27398;31312;35226;39140;43054;46968;50882;54796;58710;62624;66538;70452;74366;78280
3915;7830;11745;15660;19575;23490;27405;31320;35235;39150;43065;46980;50895;54810;58725;62640;66555;70470;74385;78300
3916;7832;11748;15664;19580;23496;27412;31328;35244;39160;43076;46992;50908;54824;58740;62656;66572;70488;74404;78320
3917;7834;11751;15668;19585;23502;27419;31336;35253;39170;43087;47004;50921;54838;58755;62672;66589;70506;74423;78340
3918;7836;11754;15672;19590;23508;27426;31344;35262;39180;43098;47016;50934;54852;58770;62688;66606;70524;74442;78360
3919;7838;11757;15676;19595;23514;27433;31352;35271;39190;43109;47028;50947;54866;58785;62704;66623;70542;74461;78380
3920;7840;11760;15680;19600;23520;27440;31360;35280;39200;43120;47040;50960;54880;58800;62720;66640;70560;74480;78400
3921;7842;11763;15684;19605;23526;27447;31368;35289;39210;43131;47052;50973;54894;58815;62736;66657;70578;74499;78420
3922;7844;11766;15688;19610;23532;27454;31376;35298;39220;43142;47064;50986;54908;58830;62752;66674;70596;74518;78440
3923;7846;11769;15692;19615;23538;27461;31384;35307;39230;43153;47076;50999;54922;58845;62768;66691;70614;74537;78460
3924;7848;11772;15696;19620;23544;27468;31392;35316;39240;43164;47088;51012;54936;58860;62784;66708;70632;74556;78480
3925;7850;11775;15700;19625;23550;27475;31400;35325;39250;43175;47100;51025;54950;58875;62800;66725;70650;74575;78500
3926;7852;11778;15704;19630;23556;27482;31408;35334;39260;43186;47112;51038;54964;58890;62816;66742;70668;74594;78520
3927;7854;11781;15708;19635;23562;27489;31416;35343;39270;43197;47124;51051;54978;58905;62832;66759;70686;74613;78540
3928;7856;11784;15712;19640;23568;27496;31424;35352;39280;43208;47136;51064;54992;58920;62848;66776;70704;74632;78560
3929;7858;11787;15716;19645;23574;27503;31432;35361;39290;43219;47148;51077;55006;58935;62864;66793;70722;74651;78580
3930;7860;11790;15720;19650;23580;27510;31440;35370;39300;43230;47160;51090;55020;58950;62880;66810;70740;74670;78600
3931;7862;11793;15724;19655;23586;27517;31448;35379;39310;43241;47172;51103;55034;58965;62896;66827;70758;74689;78620
3932;7864;11796;15728;19660;23592;27524;31456;35388;39320;43252;47184;51116;55048;58980;62912;66844;70776;74708;78640
3933;7866;11799;15732;19665;23598;27531;31464;35397;39330;43263;47196;51129;55062;58995;62928;66861;70794;74727;78660
3934;7868;11802;15736;19670;23604;27538;31472;35406;39340;43274;47208;51142;55076;59010;62944;66878;70812;74746;78680
3935;7870;11805;15740;19675;23610;27545;31480;35415;39350;43285;47220;51155;55090;59025;62960;66895;70830;74765;78700
3936;7872;11808;15744;19680;23616;27552;31488;35424;39360;43296;47232;51168;55104;59040;62976;66912;70848;74784;78720
3937;7874;11811;15748;19685;23622;27559;31496;35433;39370;43307;47244;51181;55118;59055;62992;66929;70866;74803;78740
3938;7876;11814;15752;19690;23628;27566;31504;35442;39380;43318;47256;51194;55132;59070;63008;66946;70884;74822;78760
3939;7878;11817;15756;19695;23634;27573;31512;35451;39390;43329;47268;51207;55146;59085;63024;66963;70902;74841;78780
3940;7880;11820;15760;19700;23640;27580;31520;35460;39400;43340;47280;51220;55160;59100;63040;66980;70920;74860;78800
3941;7882;11823;15764;19705;23646;27587;31528;35469;39410;43351;47292;51233;55174;59115;63056;66997;70938;74879;78820
3942;7884;11826;15768;19710;23652;27594;31536;35478;39420;43362;47304;51246;55188;59130;63072;67014;70956;74898;78840
3943;7886;11829;15772;19715;23658;27601;31544;35487;39430;43373;47316;51259;55202;59145;63088;67031;70974;74917;78860
3944;7888;11832;15776;19720;23664;27608;31552;35496;39440;43384;47328;51272;55216;59160;63104;67048;70992;74936;78880
3945;7890;11835;15780;19725;23670;27615;31560;35505;39450;43395;47340;51285;55230;59175;63120;67065;71010;74955;78900
3946;7892;11838;15784;19730;23676;27622;31568;35514;39460;43406;47352;51298;55244;59190;63136;67082;71028;74974;78920
3947;7894;11841;15788;19735;23682;27629;31576;35523;39470;43417;47364;51311;55258;59205;63152;67099;71046;74993;78940
3948;7896;11844;15792;19740;23688;27636;31584;35532;39480;43428;47376;51324;55272;59220;63168;67116;71064;75012;78960
3949;7898;11847;15796;19745;23694;27643;31592;35541;39490;43439;47388;51337;55286;59235;63184;67133;71082;75031;78980
3950;7900;11850;15800;19750;23700;27650;31600;35550;39500;43450;47400;51350;55300;59250;63200;67150;71100;75050;79000
3951;7902;11853;15804;19755;23706;27657;31608;35559;39510;43461;47412;51363;55314;59265;63216;67167;71118;75069;79020
3952;7904;11856;15808;19760;23712;27664;31616;35568;39520;43472;47424;51376;55328;59280;63232;67184;71136;75088;79040
3953;7906;11859;15812;19765;23718;27671;31624;35577;39530;43483;47436;51389;55342;59295;63248;67201;71154;75107;79060
3954;7908;11862;15816;19770;23724;27678;31632;35586;39540;43494;47448;51402;55356;59310;63264;67218;71172;75126;79080
3955;7910;11865;15820;19775;23730;27685;31640;35595;39550;43505;47460;51415;55370;59325;63280;67235;71190;75145;79100
3956;7912;11868;15824;19780;23736;27692;31648;35604;39560;43516;47472;51428;55384;59340;63296;67252;71208;75164;79120
3957;7914;11871;15828;19785;23742;27699;31656;35613;39570;43527;47484;51441;55398;59355;63312;67269;71226;75183;79140
3958;7916;11874;15832;19790;23748;27706;31664;35622;39580;43538;47496;51454;55412;59370;63328;67286;71244;75202;79160
3959;7918;11877;15836;19795;23754;27713;31672;35631;39590;43549;47508;51467;55426;59385;63344;67303;71262;75221;79180
3960;7920;11880;15840;19800;23760;27720;31680;35640;39600;43560;47520;51480;55440;59400;63360;67320;71280;75240;79200
3961;7922;11883;15844;19805;23766;27727;31688;35649;39610;43571;47532;51493;55454;59415;63376;67337;71298;75259;79220
3962;7924;11886;15848;19810;23772;27734;31696;35658;39620;43582;47544;51506;55468;59430;63392;67354;71316;75278;79240
3963;7926;11889;15852;19815;23778;27741;31704;35667;39630;43593;47556;51519;55482;59445;63408;67371;71334;75297;79260
3964;7928;11892;15856;19820;23784;27748;31712;35676;39640;43604;47568;51532;55496;59460;63424;67388;71352;75316;79280
3965;7930;11895;15860;19825;23790;27755;31720;35685;39650;43615;47580;51545;55510;59475;63440;67405;71370;75335;79300
3966;7932;11898;15864;19830;23796;27762;31728;35694;39660;43626;47592;51558;55524;59490;63456;67422;71388;75354;79320
3967;7934;11901;15868;19835;23802;27769;31736;35703;39670;43637;47604;51571;55538;59505;63472;67439;71406;75373;79340
3968;7936;11904;15872;19840;23808;27776;31744;35712;39680;43648;47616;51584;55552;59520;63488;67456;71424;75392;79360
3969;7938;11907;15876;19845;23814;27783;31752;35721;39690;43659;47628;51597;55566;59535;63504;67473;71442;75411;79380
3970;7940;11910;15880;19850;23820;27790;31760;35730;39700;43670;47640;51610;55580;59550;63520;67490;71460;75430;79400
3971;7942;11913;15884;19855;23826;27797;31768;35739;39710;43681;47652;51623;55594;59565;63536;67507;71478;75449;79420
3972;7944;11916;15888;19860;23832;27804;31776;35748;39720;43692;47664;51636;55608;59580;63552;67524;71496;75468;79440
3973;7946;11919;15892;19865;23838;27811;31784;35757;39730;43703;47676;51649;55622;59595;63568;67541;71514;75487;79460
3974;7948;11922;15896;19870;23844;27818;31792;35766;39740;43714;47688;51662;55636;59610;63584;67558;71532;75506;79480
3975;7950;11925;15900;19875;23850;27825;31800;35775;39750;43725;47700;51675;55650;59625;63600;67575;71550;75525;79500
3976;7952;11928;15904;19880;23856;27832;31808;35784;39760;43736;47712;51688;55664;59640;63616;67592;71568;75544;79520
3977;7954;11931;15908;19885;23862;27839;31816;35793;39770;43747;47724;51701;55678;59655;63632;67609;71586;75563;79540
3978;7956;11934;15912;19890;23868;27846;31824;35802;39780;43758;47736;51714;55692;59670;63648;67626;71604;75582;79560
3979;7958;11937;15916;19895;23874;27853;31832;35811;39790;43769;47748;51727;55706;59685;63664;67643;71622;75601;79580
3980;7960;11940;15920;19900;23880;27860;31840;35820;39800;43780;47760;51740;55720;59700;63680;67660;71640;75620;79600
3981;7962;11943;15924;19905;23886;27867;31848;35829;39810;43791;47772;51753;55734;59715;63696;67677;71658;75639;79620
3982;7964;11946;15928;19910;23892;27874;31856;35838;39820;43802;47784;51766;55748;59730;63712;67694;71676;75658;79640
3983;7966;11949;15932;19915;23898;27881;31864;35847;39830;43813;47796;51779;55762;59745;63728;67711;71694;75677;79660
3984;7968;11952;15936;19920;23904;27888;31872;35856;39840;43824;47808;51792;55776;59760;63744;67728;71712;75696;79680
3985;7970;11955;15940;19925;23910;27895;31880;35865;39850;43835;47820;51805;55790;59775;63760;67745;71730;75715;79700
3986;7972;11958;15944;19930;23916;27902;31888;35874;39860;43846;47832;51818;55804;59790;63776;67762;71748;75734;79720
3987;7974;11961;15948;19935;23922;27909;31896;35883;39870;43857;47844;51831;55818;59805;63792;67779;71766;75753;79740
3988;7976;11964;15952;19940;23928;27916;31904;35892;39880;43868;47856;51844;55832;59820;63808;67796;71784;75772;79760
3989;7978;11967;15956;19945;23934;27923;31912;35901;39890;43879;47868;51857;55846;59835;63824;67813;71802;75791;79780
3990;7980;11970;15960;19950;23940;27930;31920;35910;39900;43890;47880;51870;55860;59850;63840;67830;71820;75810;79800
3991;7982;11973;15964;19955;23946;27937;31928;35919;39910;43901;47892;51883;55874;59865;63856;67847;71838;75829;79820
3992;7984;11976;15968;19960;23952;27944;31936;35928;39920;43912;47904;51896;55888;59880;63872;67864;71856;75848;79840
3993;7986;11979;15972;19965;23958;27951;31944;35937;39930;43923;47916;51909;55902;59895;63888;67881;71874;75867;79860
3994;7988;11982;15976;19970;23964;27958;31952;35946;39940;43934;47928;51922;55916;59910;63904;67898;71892;75886;79880
3995;7990;11985;15980;19975;23970;27965;31960;35955;39950;43945;47940;51935;55930;59925;63920;67915;71910;75905;79900
3996;7992;11988;15984;19980;23976;27972;31968;35964;39960;43956;47952;51948;55944;59940;63936;67932;71928;75924;79920
3997;7994;11991;15988;19985;23982;27979;31976;35973;39970;43967;47964;51961;55958;59955;63952;67949;71946;75943;79940
3998;7996;11994;15992;19990;23988;27986;31984;35982;39980;43978;47976;51974;55972;59970;63968;67966;71964;75962;79960
3999;7998;11997;15996;19995;23994;27993;31992;35991;39990;43989;47988;51987;55986;59985;63984;67983;71982;75981;79980
4000;8000;12000;16000;20000;24000;28000;32000;36000;40000;44000;48000;52000;56000;60000;64000;68000;72000;76000;80000
4001;8002;12003;16004;20005;24006;28007;32008;36009;40010;44011;48012;52013;56014;60015;64016;68017;72018;76019;80020
4002;8004;12006;16008;20010;24012;28014;32016;36018;40020;44022;48024;52026;56028;60030;64032;68034;72036;76038;80040
4003;8006;12009;16012;20015;24018;28021;32024;36027;40030;44033;48036;52039;56042;60045;64048;68051;72054;76057;80060
4004;8008;12012;16016;20020;24024;28028;32032;36036;40040;44044;48048;52052;56056;60060;64064;68068;72072;76076;80080
4005;8010;12015;16020;20025;24030;28035;32040;36045;40050;44055;48060;52065;56070;60075;64080;68085;72090;76095;80100
4006;8012;12018;16024;20030;24036;28042;32048;36054;40060;44066;48072;52078;56084;60090;64096;68102;72108;76114;80120
4007;8014;12021;16028;20035;24042;28049;32056;36063;40070;44077;48084;52091;56098;60105;64112;68119;72126;76133;80140
4008;8016;12024;16032;20040;24048;28056;32064;36072;40080;44088;48096;52104;56112;60120;64128;68136;72144;76152;80160
4009;8018;12027;16036;20045;24054;28063;32072;36081;40090;44099;48108;52117;56126;60135;64144;68153;72162;76171;80180
4010;8020;12030;16040;20050;24060;28070;32080;36090;40100;44110;48120;52130;56140;60150;64160;68170;72180;76190;80200
4011;8022;12033;16044;20055;24066;28077;32088;36099;40110;44121;48132;52143;56154;60165;64176;68187;72198;76209;80220
4012;8024;12036;16048;20060;24072;28084;32096;36108;40120;44132;48144;52156;56168;60180;64192;68204;72216;76228;80240
4013;8026;12039;16052;20065;24078;28091;32104;36117;40130;44143;48156;52169;56182;60195;64208;68221;72234;76247;80260
4014;8028;12042;16056;20070;24084;28098;32112;36126;40140;44154;48168;52182;56196;60210;64224;68238;72252;76266;80280
4015;8030;12045;16060;20075;24090;28105;32120;36135;40150;44165;48180;52195;56210;60225;64240;68255;72270;76285;80300
4016;8032;12048;16064;20080;24096;28112;32128;36144;40160;44176;48192;52208;56224;60240;64256;68272;72288;76304;80320
4017;8034;12051;16068;20085;24102;28119;32136;36153;40170;44187;48204;52221;56238;60255;64272;68289;72306;76323;80340
4018;8036;12054;16072;20090;24108;28126;32144;36162;40180;44198;48216;52234;56252;60270;64288;68306;72324;76342;80360
4019;8038;12057;16076;20095;24114;28133;32152;36171;40190;44209;48228;52247;56266;60285;64304;68323;72342;76361;80380
4020;8040;12060;16080;20100;24120;28140;32160;36180;40200;44220;48240;52260;56280;60300;64320;68340;72360;76380;80400
4021;8042;12063;16084;20105;24126;28147;32168;36189;40210;44231;48252;52273;56294;60315;64336;68357;72378;76399;80420
4022;8044;12066;16088;20110;24132;28154;32176;36198;40220;44242;48264;52286;56308;60330;64352;68374;72396;76418;80440
4023;8046;12069;16092;20115;24138;28161;32184;36207;40230;44253;48276;52299;56322;60345;64368;68391;72414;76437;80460
4024;8048;12072;16096;20120;24144;28168;32192;36216;40240;44264;48288;52312;56336;60360;64384;68408;72432;76456;80480
4025;8050;12075;16100;20125;24150;28175;32200;36225;40250;44275;48300;52325;56350;60375;64400;68425;72450;76475;80500
4026;8052;12078;16104;20130;24156;28182;32208;36234;40260;44286;48312;52338;56364;60390;64416;68442;72468;76494;80520
4027;8054;12081;16108;20135;24162;28189;32216;36243;40270;44297;48324;52351;56378;60405;64432;68459;72486;76513;80540
4028;8056;12084;16112;20140;24168;28196;32224;36252;40280;44308;48336;52364;56392;60420;64448;68476;72504;76532;80560
4029;8058;12087;16116;20145;24174;28203;32232;36261;40290;44319;48348;52377;56406;60435;64464;68493;72522;76551;80580
4030;8060;12090;16120;20150;24180;28210;32240;36270;40300;44330;48360;52390;56420;60450;64480;68510;72540;76570;80600
4031;8062;12093;16124;20155;24186;28217;32248;36279;40310;44341;48372;52403;56434;60465;64496;68527;72558;76589;80620
4032;8064;12096;16128;20160;24192;28224;32256;36288;40320;44352;48384;52416;56448;60480;64512;68544;72576;76608;80640
4033;8066;12099;16132;20165;24198;28231;32264;36297;40330;44363;48396;52429;56462;60495;64528;68561;72594;76627;80660
4034;8068;12102;16136;20170;24204;28238;32272;36306;40340;44374;48408;52442;56476;60510;64544;68578;72612;76646;80680
4035;8070;12105;16140;20175;24210;28245;32280;36315;40350;44385;48420;52455;56490;60525;64560;68595;72630;76665;80700
4036;8072;12108;16144;20180;24216;28252;32288;36324;40360;44396;48432;52468;56504;60540;64576;68612;72648;76684;80720
4037;8074;12111;16148;20185;24222;28259;32296;36333;40370;44407;48444;52481;56518;60555;64592;68629;72666;76703;80740
4038;8076;12114;16152;20190;24228;28266;32304;36342;40380;44418;48456;52494;56532;60570;64608;68646;72684;76722;80760
4039;8078;12117;16156;20195;24234;28273;32312;36351;40390;44429;48468;52507;56546;60585;64624;68663;72702;76741;80780
4040;8080;12120;16160;20200;24240;28280;32320;36360;40400;44440;48480;52520;56560;60600;64640;68680;72720;76760;80800
4041;8082;12123;16164;20205;24246;28287;32328;36369;40410;44451;48492;52533;56574;60615;64656;68697;72738;76779;80820
4042;8084;12126;16168;20210;24252;28294;32336;36378;40420;44462;48504;52546;56588;60630;64672;68714;72756;76798;80840
4043;8086;12129;16172;20215;24258;28301;32344;36387;40430;44473;48516;52559;56602;60645;64688;68731;72774;76817;80860
4044;8088;12132;16176;20220;24264;28308;32352;36396;40440;44484;48528;52572;56616;60660;64704;68748;72792;76836;80880
4045;8090;12135;16180;20225;24270;28315;32360;36405;40450;44495;48540;52585;56630;60675;64720;68765;72810;76855;80900
4046;8092;12138;16184;20230;24276;28322;32368;36414;40460;44506;48552;52598;56644;60690;64736;68782;72828;76874;80920
4047;8094;12141;16188;20235;24282;28329;32376;36423;40470;44517;48564;52611;56658;60705;64752;68799;72846;76893;80940
4048;8096;12144;16192;20240;24288;28336;32384;36432;40480;44528;48576;52624;56672;60720;64768;68816;72864;76912;80960
4049;8098;12147;16196;20245;24294;28343;32392;36441;40490;44539;48588;52637;56686;60735;64784;68833;72882;76931;80980
4050;8100;12150;16200;20250;24300;28350;32400;36450;40500;44550;48600;52650;56700;60750;64800;68850;72900;76950;81000
4051;8102;12153;16204;20255;24306;28357;32408;36459;40510;44561;48612;52663;56714;60765;64816;68867;72918;76969;81020
4052;8104;12156;16208;20260;24312;28364;32416;36468;40520;44572;48624;52676;56728;60780;64832;68884;72936;76988;81040
4053;8106;12159;16212;20265;24318;28371;32424;36477;40530;44583;48636;52689;56742;60795;64848;68901;72954;77007;81060
4054;8108;12162;16216;20270;24324;28378;32432;36486;40540;44594;48648;52702;56756;60810;64864;68918;72972;77026;81080
4055;8110;12165;16220;20275;24330;28385;32440;36495;40550;44605;48660;52715;56770;60825;64880;68935;72990;77045;81100
4056;8112;12168;16224;20280;24336;28392;32448;36504;40560;44616;48672;52728;56784;60840;64896;68952;73008;77064;81120
4057;8114;12171;16228;20285;24342;28399;32456;36513;40570;44627;48684;52741;56798;60855;64912;68969;73026;77083;81140
4058;8116;12174;16232;20290;24348;28406;32464;36522;40580;44638;48696;52754;56812;60870;64928;68986;73044;77102;81160
4059;8118;12177;16236;20295;24354;28413;32472;36531;40590;44649;48708;52767;56826;60885;64944;69003;73062;77121;81180
4060;8120;12180;16240;20300;24360;28420;32480;36540;40600;44660;48720;52780;56840;60900;64960;69020;73080;77140;81200
4061;8122;12183;16244;20305;24366;28427;32488;36549;40610;44671;48732;52793;56854;60915;64976;69037;73098;77159;81220
4062;8124;12186;16248;20310;24372;28434;32496;36558;40620;44682;48744;52806;56868;60930;64992;69054;73116;77178;81240
4063;8126;12189;16252;20315;24378;28441;32504;36567;40630;44693;48756;52819;56882;60945;65008;69071;73134;77197;81260
4064;8128;12192;16256;20320;24384;28448;32512;36576;40640;44704;48768;52832;56896;60960;65024;69088;73152;77216;81280
4065;8130;12195;16260;20325;24390;28455;32520;36585;40650;44715;48780;52845;56910;60975;65040;69105;73170;77235;81300
4066;8132;12198;16264;20330;24396;28462;32528;36594;40660;44726;48792;52858;56924;60990;65056;69122;73188;77254;81320
4067;8134;12201;16268;20335;24402;28469;32536;36603;40670;44737;48804;52871;56938;61005;65072;69139;73206;77273;81340
4068;8136;12204;16272;20340;24408;28476;32544;36612;40680;44748;48816;52884;56952;61020;65088;69156;73224;77292;81360
4069;8138;12207;16276;20345;24414;28483;32552;36621;40690;44759;48828;52897;56966;61035;65104;69173;73242;77311;81380
4070;8140;12210;16280;20350;24420;28490;32560;36630;40700;44770;48840;52910;56980;61050;65120;69190;73260;77330;81400
4071;8142;12213;16284;20355;24426;28497;32568;36639;40710;44781;48852;52923;56994;61065;65136;69207;73278;77349;81420
4072;8144;12216;16288;20360;24432;28504;32576;36648;40720;44792;48864;52936;57008;61080;65152;69224;73296;77368;81440
4073;8146;12219;16292;20365;24438;28511;32584;36657;40730;44803;48876;52949;57022;61095;65168;69241;73314;77387;81460
4074;8148;12222;16296;20370;24444;28518;32592;36666;40740;44814;48888;52962;57036;61110;65184;69258;73332;77406;81480
4075;8150;12225;16300;20375;24450;28525;32600;36675;40750;44825;48900;52975;57050;61125;65200;69275;73350;77425;81500
4076;8152;12228;16304;20380;24456;28532;32608;36684;40760;44836;48912;52988;57064;61140;65216;69292;73368;77444;81520
4077;8154;12231;16308;20385;24462;28539;32616;36693;40770;44847;48924;53001;57078;61155;65232;69309;73386;77463;81540
4078;8156;12234;16312;20390;24468;28546;32624;36702;40780;44858;48936;53014;57092;61170;65248;69326;73404;77482;81560
4079;8158;12237;16316;20395;24474;28553;32632;36711;40790;44869;48948;53027;57106;61185;65264;69343;73422;77501;81580
4080;8160;12240;16320;20400;24480;28560;32640;36720;40800;44880;48960;53040;57120;61200;65280;69360;73440;77520;81600
4081;8162;12243;16324;20405;24486;28567;32648;36729;40810;44891;48972;53053;57134;61215;65296;69377;73458;77539;81620
4082;8164;12246;16328;20410;24492;28574;32656;36738;40820;44902;48984;53066;57148;61230;65312;69394;73476;77558;81640
4083;8166;12249;16332;20415;24498;28581;32664;36747;40830;44913;48996;53079;57162;61245;65328;69411;73494;77577;81660
4084;8168;12252;16336;20420;24504;28588;32672;36756;40840;44924;49008;53092;57176;61260;65344;69428;73512;77596;81680
4085;8170;12255;16340;20425;24510;28595;32680;36765;40850;44935;49020;53105;57190;61275;65360;69445;73530;77615;81700
4086;8172;12258;16344;20430;24516;28602;32688;36774;40860;44946;49032;53118;57204;61290;65376;69462;73548;77634;81720
4087;8174;12261;16348;20435;24522;28609;32696;36783;40870;44957;49044;53131;57218;61305;65392;69479;73566;77653;81740
4088;8176;12264;16352;20440;24528;28616;32704;36792;40880;44968;49056;53144;57232;61320;65408;69496;73584;77672;81760
4089;8178;12267;16356;20445;24534;28623;32712;36801;40890;44979;49068;53157;57246;61335;65424;69513;73602;77691;81780
4090;8180;12270;16360;20450;24540;28630;32720;36810;40900;44990;49080;53170;57260;61350;65440;69530;73620;77710;81800
4091;8182;12273;16364;20455;24546;28637;32728;36819;40910;45001;49092;53183;57274;61365;65456;69547;73638;77729;81820
4092;8184;12276;16368;20460;24552;28644;32736;36828;40920;45012;49104;53196;57288;61380;65472;69564;73656;77748;81840
4093;8186;12279;16372;20465;24558;28651;32744;36837;40930;45023;49116;53209;57302;61395;65488;69581;73674;77767;81860
4094;8188;12282;16376;20470;24564;28658;32752;36846;40940;45034;49128;53222;57316;61410;65504;69598;73692;77786;81880
4095;8190;12285;16380;20475;24570;28665;32760;36855;40950;45045;49140;53235;57330;61425;65520;69615;73710;77805;81900
4096;8192;12288;16384;20480;24576;28672;32768;36864;40960;45056;49152;53248;57344;61440;65536;69632;73728;77824;81920
4097;8194;12291;16388;20485;24582;28679;32776;36873;40970;45067;49164;53261;57358;61455;65552;69649;73746;77843;81940
4098;8196;12294;16392;20490;24588;28686;32784;36882;40980;45078;49176;53274;57372;61470;65568;69666;73764;77862;81960
4099;8198;12297;16396;20495;24594;28693;32792;36891;40990;45089;49188;53287;57386;61485;65584;69683;73782;77881;81980
4100;8200;12300;16400;20500;24600;28700;32800;36900;41000;45100;49200;53300;57400;61500;65600;69700;73800;77900;82000
4101;8202;12303;16404;20505;24606;28707;32808;36909;41010;45111;49212;53313;57414;61515;65616;69717;73818;77919;82020
4102;8204;12306;16408;20510;24612;28714;32816;36918;41020;45122;49224;53326;57428;61530;65632;69734;73836;77938;82040
4103;8206;12309;16412;20515;24618;28721;32824;36927;41030;45133;49236;53339;57442;61545;65648;69751;73854;77957;82060
4104;8208;12312;16416;20520;24624;28728;32832;36936;41040;45144;49248;53352;57456;61560;65664;69768;73872;77976;82080
4105;8210;12315;16420;20525;24630;28735;32840;36945;41050;45155;49260;53365;57470;61575;65680;69785;73890;77995;82100
4106;8212;12318;16424;20530;24636;28742;32848;36954;41060;45166;49272;53378;57484;61590;65696;69802;73908;78014;82120
4107;8214;12321;16428;20535;24642;28749;32856;36963;41070;45177;49284;53391;57498;61605;65712;69819;73926;78033;82140
4108;8216;12324;16432;20540;24648;28756;32864;36972;41080;45188;49296;53404;57512;61620;65728;69836;73944;78052;82160
4109;8218;12327;16436;20545;24654;28763;32872;36981;41090;45199;49308;53417;57526;61635;65744;69853;73962;78071;82180
4110;8220;12330;16440;20550;24660;28770;32880;36990;41100;45210;49320;53430;57540;61650;65760;69870;73980;78090;82200
4111;8222;12333;16444;20555;24666;28777;32888;36999;41110;45221;49332;53443;57554;61665;65776;69887;73998;78109;82220
4112;8224;12336;16448;20560;24672;28784;32896;37008;41120;45232;49344;53456;57568;61680;65792;69904;74016;78128;82240
4113;8226;12339;16452;20565;24678;28791;32904;37017;41130;45243;49356;53469;57582;61695;65808;69921;74034;78147;82260
4114;8228;12342;16456;20570;24684;28798;32912;37026;41140;45254;49368;53482;57596;61710;65824;69938;74052;78166;82280
4115;8230;12345;16460;20575;24690;28805;32920;37035;41150;45265;49380;53495;57610;61725;65840;69955;74070;78185;82300
4116;8232;12348;16464;20580;24696;28812;32928;37044;41160;45276;49392;53508;57624;61740;65856;69972;74088;78204;82320
4117;8234;12351;16468;20585;24702;28819;32936;37053;41170;45287;49404;53521;57638;61755;65872;69989;74106;78223;82340
4118;8236;12354;16472;20590;24708;28826;32944;37062;41180;45298;49416;53534;57652;61770;65888;70006;74124;78242;82360
4119;8238;12357;16476;20595;24714;28833;32952;37071;41190;45309;49428;53547;57666;61785;65904;70023;74142;78261;82380
4120;8240;12360;16480;20600;24720;28840;32960;37080;41200;45320;49440;53560;57680;61800;65920;70040;74160;78280;82400
4121;8242;12363;16484;20605;24726;28847;32968;37089;41210;45331;49452;53573;57694;61815;65936;70057;74178;78299;82420
4122;8244;12366;16488;20610;24732;28854;32976;37098;41220;45342;49464;53586;57708;61830;65952;70074;74196;78318;82440
4123;8246;12369;16492;20615;24738;28861;32984;37107;41230;45353;49476;53599;57722;61845;65968;70091;74214;78337;82460
4124;8248;12372;16496;20620;24744;28868;32992;37116;41240;45364;49488;53612;57736;61860;65984;70108;74232;78356;82480
4125;8250;12375;16500;20625;24750;28875;33000;37125;41250;45375;49500;53625;57750;61875;66000;70125;74250;78375;82500
4126;8252;12378;16504;20630;24756;28882;33008;37134;41260;45386;49512;53638;57764;61890;66016;70142;74268;78394;82520
4127;8254;12381;16508;20635;24762;28889;33016;37143;41270;45397;49524;53651;57778;61905;66032;70159;74286;78413;82540
4128;8256;12384;16512;20640;24768;28896;33024;37152;41280;45408;49536;53664;57792;61920;66048;70176;74304;78432;82560
4129;8258;12387;16516;20645;24774;28903;33032;37161;41290;45419;49548;53677;57806;61935;66064;70193;74322;78451;82580
4130;8260;12390;16520;20650;24780;28910;33040;37170;41300;45430;49560;53690;57820;61950;66080;70210;74340;78470;82600
4131;8262;12393;16524;20655;24786;28917;33048;37179;41310;45441;49572;53703;57834;61965;66096;70227;74358;78489;82620
4132;8264;12396;16528;20660;24792;28924;33056;37188;41320;45452;49584;53716;57848;61980;66112;70244;74376;78508;82640
4133;8266;12399;16532;20665;24798;28931;33064;37197;41330;45463;49596;53729;57862;61995;66128;70261;74394;78527;82660
4134;8268;12402;16536;20670;24804;28938;33072;37206;41340;45474;49608;53742;57876;62010;66144;70278;74412;78546;82680
4135;8270;12405;16540;20675;24810;28945;33080;37215;41350;45485;49620;53755;57890;62025;66160;70295;74430;78565;82700
4136;8272;12408;16544;20680;24816;28952;33088;37224;41360;45496;49632;53768;57904;62040;66176;70312;74448;78584;82720
4137;8274;12411;16548;20685;24822;28959;33096;37233;41370;45507;49644;53781;57918;62055;66192;70329;74466;78603;82740
4138;8276;12414;16552;20690;24828;28966;33104;37242;41380;45518;49656;53794;57932;62070;66208;70346;74484;78622;82760
4139;8278;12417;16556;20695;24834;28973;33112;37251;41390;45529;49668;53807;57946;62085;66224;70363;74502;78641;82780
4140;8280;12420;16560;20700;24840;28980;33120;37260;41400;45540;49680;53820;57960;62100;66240;70380;74520;78660;82800
4141;8282;12423;16564;20705;24846;28987;33128;37269;41410;45551;49692;53833;57974;62115;66256;70397;74538;78679;82820
4142;8284;12426;16568;20710;24852;28994;33136;37278;41420;45562;49704;53846;57988;62130;66272;70414;74556;78698;82840
4143;8286;12429;16572;20715;24858;29001;33144;37287;41430;45573;49716;53859;58002;62145;66288;70431;74574;78717;82860
4144;8288;12432;16576;20720;24864;29008;33152;37296;41440;45584;49728;53872;58016;62160;66304;70448;74592;78736;82880
4145;8290;12435;16580;20725;24870;29015;33160;37305;41450;45595;49740;53885;58030;62175;66320;70465;74610;78755;82900
4146;8292;12438;16584;20730;24876;29022;33168;37314;41460;45606;49752;53898;58044;62190;66336;70482;74628;78774;82920
4147;8294;12441;16588;20735;24882;29029;33176;37323;41470;45617;49764;53911;58058;62205;66352;70499;74646;78793;82940
4148;8296;12444;16592;20740;24888;29036;33184;37332;41480;45628;49776;53924;58072;62220;66368;70516;74664;78812;82960
4149;8298;12447;16596;20745;24894;29043;33192;37341;41490;45639;49788;53937;58086;62235;66384;70533;74682;78831;82980
4150;8300;12450;16600;20750;24900;29050;33200;37350;41500;45650;49800;53950;58100;62250;66400;70550;74700;78850;83000
4151;8302;12453;16604;20755;24906;29057;33208;37359;41510;45661;49812;53963;58114;62265;66416;70567;74718;78869;83020
4152;8304;12456;16608;20760;24912;29064;33216;37368;41520;45672;49824;53976;58128;62280;66432;70584;74736;78888;83040
4153;8306;12459;16612;20765;24918;29071;33224;37377;41530;45683;49836;53989;58142;62295;66448;70601;74754;78907;83060
4154;8308;12462;16616;20770;24924;29078;33232;37386;41540;45694;49848;54002;58156;62310;66464;70618;74772;78926;83080
4155;8310;12465;16620;20775;24930;29085;33240;37395;41550;45705;49860;54015;58170;62325;66480;70635;74790;78945;83100
4156;8312;12468;16624;20780;24936;29092;33248;37404;41560;45716;49872;54028;58184;62340;66496;70652;74808;78964;83120
4157;8314;12471;16628;20785;24942;29099;33256;37413;41570;45727;49884;54041;58198;62355;66512;70669;74826;78983;83140
4158;8316;12474;16632;20790;24948;29106;33264;37422;41580;45738;49896;54054;58212;62370;66528;70686;74844;79002;83160
4159;8318;12477;16636;20795;24954;29113;33272;37431;41590;45749;49908;54067;58226;62385;66544;70703;74862;79021;83180
4160;8320;12480;16640;20800;24960;29120;33280;37440;41600;45760;49920;54080;58240;62400;66560;70720;74880;79040;83200
4161;8322;12483;16644;20805;24966;29127;33288;37449;41610;45771;49932;54093;58254;62415;66576;70737;74898;79059;83220
4162;8324;12486;16648;20810;24972;29134;33296;37458;41620;45782;49944;54106;58268;62430;66592;70754;74916;79078;83240
4163;8326;12489;16652;20815;24978;29141;33304;37467;41630;45793;49956;54119;58282;62445;66608;70771;74934;79097;83260
4164;8328;12492;16656;20820;24984;29148;33312;37476;41640;45804;49968;54132;58296;62460;66624;70788;74952;79116;83280
4165;8330;12495;16660;20825;24990;29155;33320;37485;41650;45815;49980;54145;58310;62475;66640;70805;74970;79135;83300
4166;8332;12498;16664;20830;24996;29162;33328;37494;41660;45826;49992;54158;58324;62490;66656;70822;74988;79154;83320
4167;8334;12501;16668;20835;25002;29169;33336;37503;41670;45837;50004;54171;58338;62505;66672;70839;75006;79173;83340
4168;8336;12504;16672;20840;25008;29176;33344;37512;41680;45848;50016;54184;58352;62520;66688;70856;75024;79192;83360
4169;8338;12507;16676;20845;25014;29183;33352;37521;41690;45859;50028;54197;58366;62535;66704;70873;75042;79211;83380
4170;8340;12510;16680;20850;25020;29190;33360;37530;41700;45870;50040;54210;58380;62550;66720;70890;75060;79230;83400
4171;8342;12513;16684;20855;25026;29197;33368;37539;41710;45881;50052;54223;58394;62565;66736;70907;75078;79249;83420
4172;8344;12516;16688;20860;25032;29204;33376;37548;41720;45892;50064;54236;58408;62580;66752;70924;75096;79268;83440
4173;8346;12519;16692;20865;25038;29211;33384;37557;41730;45903;50076;54249;58422;62595;66768;70941;75114;79287;83460
4174;8348;12522;16696;20870;25044;29218;33392;37566;41740;45914;50088;54262;58436;62610;66784;70958;75132;79306;83480
4175;8350;12525;16700;20875;25050;29225;33400;37575;41750;45925;50100;54275;58450;62625;66800;70975;75150;79325;83500
4176;8352;12528;16704;20880;25056;29232;33408;37584;41760;45936;50112;54288;58464;62640;66816;70992;75168;79344;83520
4177;8354;12531;16708;20885;25062;29239;33416;37593;41770;45947;50124;54301;58478;62655;66832;71009;75186;79363;83540
4178;8356;12534;16712;20890;25068;29246;33424;37602;41780;45958;50136;54314;58492;62670;66848;71026;75204;79382;83560
4179;8358;12537;16716;20895;25074;29253;33432;37611;41790;45969;50148;54327;58506;62685;66864;71043;75222;79401;83580
4180;8360;12540;16720;20900;25080;29260;33440;37620;41800;45980;50160;54340;58520;62700;66880;71060;75240;79420;83600
4181;8362;12543;16724;20905;25086;29267;33448;37629;41810;45991;50172;54353;58534;62715;66896;71077;75258;79439;83620
4182;8364;12546;16728;20910;25092;29274;33456;37638;41820;46002;50184;54366;58548;62730;66912;71094;75276;79458;83640
4183;8366;12549;16732;20915;25098;29281;33464;37647;41830;46013;50196;54379;58562;62745;66928;71111;75294;79477;83660
4184;8368;12552;16736;20920;25104;29288;33472;37656;41840;46024;50208;54392;58576;62760;66944;71128;75312;79496;83680
4185;8370;12555;16740;20925;25110;29295;33480;37665;41850;46035;50220;54405;58590;62775;66960;71145;75330;79515;83700
4186;8372;12558;16744;20930;25116;29302;33488;37674;41860;46046;50232;54418;58604;62790;66976;71162;75348;79534;83720
4187;8374;12561;16748;20935;25122;29309;33496;37683;41870;46057;50244;54431;58618;62805;66992;71179;75366;79553;83740
4188;8376;12564;16752;20940;25128;29316;33504;37692;41880;46068;50256;54444;58632;62820;67008;71196;75384;79572;83760
4189;8378;12567;16756;20945;25134;29323;33512;37701;41890;46079;50268;54457;58646;62835;67024;71213;75402;79591;83780
4190;8380;12570;16760;20950;25140;29330;33520;37710;41900;46090;50280;54470;58660;62850;67040;71230;75420;79610;83800
4191;8382;12573;16764;20955;25146;29337;33528;37719;41910;46101;50292;54483;58674;62865;67056;71247;75438;79629;83820
4192;8384;12576;16768;20960;25152;29344;33536;37728;41920;46112;50304;54496;58688;62880;67072;71264;75456;79648;83840
4193;8386;12579;16772;20965;25158;29351;33544;37737;41930;46123;50316;54509;58702;62895;67088;71281;75474;79667;83860
4194;8388;12582;16776;20970;25164;29358;33552;37746;41940;46134;50328;54522;58716;62910;67104;71298;75492;79686;83880
4195;8390;12585;16780;20975;25170;29365;33560;37755;41950;46145;50340;54535;58730;62925;67120;71315;75510;79705;83900
4196;8392;12588;16784;20980;25176;29372;33568;37764;41960;46156;50352;54548;58744;62940;67136;71332;75528;79724;83920
4197;8394;12591;16788;20985;25182;29379;33576;37773;41970;46167;50364;54561;58758;62955;67152;71349;75546;79743;83940
4198;8396;12594;16792;20990;25188;29386;33584;37782;41980;46178;50376;54574;58772;62970;67168;71366;75564;79762;83960
4199;8398;12597;16796;20995;25194;29393;33592;37791;41990;46189;50388;54587;58786;62985;67184;71383;75582;79781;83980
4200;8400;12600;16800;21000;25200;29400;33600;37800;42000;46200;50400;54600;58800;63000;67200;71400;75600;79800;84000
4201;8402;12603;16804;21005;25206;29407;33608;37809;42010;46211;50412;54613;58814;63015;67216;71417;75618;79819;84020
4202;8404;12606;16808;21010;25212;29414;33616;37818;42020;46222;50424;54626;58828;63030;67232;71434;75636;79838;84040
4203;8406;12609;16812;21015;25218;29421;33624;37827;42030;46233;50436;54639;58842;63045;67248;71451;75654;79857;84060
4204;8408;12612;16816;21020;25224;29428;33632;37836;42040;46244;50448;54652;58856;63060;67264;71468;75672;79876;84080
4205;8410;12615;16820;21025;25230;29435;33640;37845;42050;46255;50460;54665;58870;63075;67280;71485;75690;79895;84100
4206;8412;12618;16824;21030;25236;29442;33648;37854;42060;46266;50472;54678;58884;63090;67296;71502;75708;79914;84120
4207;8414;12621;16828;21035;25242;29449;33656;37863;42070;46277;50484;54691;58898;63105;67312;71519;75726;79933;84140
4208;8416;12624;16832;21040;25248;29456;33664;37872;42080;46288;50496;54704;58912;63120;67328;71536;75744;79952;84160
4209;8418;12627;16836;21045;25254;29463;33672;37881;42090;46299;50508;54717;58926;63135;67344;71553;75762;79971;84180
4210;8420;12630;16840;21050;25260;29470;33680;37890;42100;46310;50520;54730;58940;63150;67360;71570;75780;79990;84200
4211;8422;12633;16844;21055;25266;29477;33688;37899;42110;46321;50532;54743;58954;63165;67376;71587;75798;80009;84220
4212;8424;12636;16848;21060;25272;29484;33696;37908;42120;46332;50544;54756;58968;63180;67392;71604;75816;80028;84240
4213;8426;12639;16852;21065;25278;29491;33704;37917;42130;46343;50556;54769;58982;63195;67408;71621;75834;80047;84260
4214;8428;12642;16856;21070;25284;29498;33712;37926;42140;46354;50568;54782;58996;63210;67424;71638;75852;80066;84280
4215;8430;12645;16860;21075;25290;29505;33720;37935;42150;46365;50580;54795;59010;63225;67440;71655;75870;80085;84300
4216;8432;12648;16864;21080;25296;29512;33728;37944;42160;46376;50592;54808;59024;63240;67456;71672;75888;80104;84320
4217;8434;12651;16868;21085;25302;29519;33736;37953;42170;46387;50604;54821;59038;63255;67472;71689;75906;80123;84340
4218;8436;12654;16872;21090;25308;29526;33744;37962;42180;46398;50616;54834;59052;63270;67488;71706;75924;80142;84360
4219;8438;12657;16876;21095;25314;29533;33752;37971;42190;46409;50628;54847;59066;63285;67504;71723;75942;80161;84380
4220;8440;12660;16880;21100;25320;29540;33760;37980;42200;46420;50640;54860;59080;63300;67520;71740;75960;80180;84400
4221;8442;12663;16884;21105;25326;29547;33768;37989;42210;46431;50652;54873;59094;63315;67536;71757;75978;80199;84420
4222;8444;12666;16888;21110;25332;29554;33776;37998;42220;46442;50664;54886;59108;63330;67552;71774;75996;80218;84440
4223;8446;12669;16892;21115;25338;29561;33784;38007;42230;46453;50676;54899;59122;63345;67568;71791;76014;80237;84460
4224;8448;12672;16896;21120;25344;29568;33792;38016;42240;46464;50688;54912;59136;63360;67584;71808;76032;80256;84480
4225;8450;12675;16900;21125;25350;29575;33800;38025;42250;46475;50700;54925;59150;63375;67600;71825;76050;80275;84500
4226;8452;12678;16904;21130;25356;29582;33808;38034;42260;46486;50712;54938;59164;63390;67616;71842;76068;80294;84520
4227;8454;12681;16908;21135;25362;29589;33816;38043;42270;46497;50724;54951;59178;63405;67632;71859;76086;80313;84540
4228;8456;12684;16912;21140;25368;29596;33824;38052;42280;46508;50736;54964;59192;63420;67648;71876;76104;80332;84560
4229;8458;12687;16916;21145;25374;29603;33832;38061;42290;46519;50748;54977;59206;63435;67664;71893;76122;80351;84580
4230;8460;12690;16920;21150;25380;29610;33840;38070;42300;46530;50760;54990;59220;63450;67680;71910;76140;80370;84600
4231;8462;12693;16924;21155;25386;29617;33848;38079;42310;46541;50772;55003;59234;63465;67696;71927;76158;80389;84620
4232;8464;12696;16928;21160;25392;29624;33856;38088;42320;46552;50784;55016;59248;63480;67712;71944;76176;80408;84640
4233;8466;12699;16932;21165;25398;29631;33864;38097;42330;46563;50796;55029;59262;63495;67728;71961;76194;80427;84660
4234;8468;12702;16936;21170;25404;29638;33872;38106;42340;46574;50808;55042;59276;63510;67744;71978;76212;80446;84680
4235;8470;12705;16940;21175;25410;29645;33880;38115;42350;46585;50820;55055;59290;63525;67760;71995;76230;80465;84700
4236;8472;12708;16944;21180;25416;29652;33888;38124;42360;46596;50832;55068;59304;63540;67776;72012;76248;80484;84720
4237;8474;12711;16948;21185;25422;29659;33896;38133;42370;46607;50844;55081;59318;63555;67792;72029;76266;80503;84740
4238;8476;12714;16952;21190;25428;29666;33904;38142;42380;46618;50856;55094;59332;63570;67808;72046;76284;80522;84760
4239;8478;12717;16956;21195;25434;29673;33912;38151;42390;46629;50868;55107;59346;63585;67824;72063;76302;80541;84780
4240;8480;12720;16960;21200;25440;29680;33920;38160;42400;46640;50880;55120;59360;63600;67840;72080;76320;80560;84800
4241;8482;12723;16964;21205;25446;29687;33928;38169;42410;46651;50892;55133;59374;63615;67856;72097;76338;80579;84820
4242;8484;12726;16968;21210;25452;29694;33936;38178;42420;46662;50904;55146;59388;63630;67872;72114;76356;80598;84840
4243;8486;12729;16972;21215;25458;29701;33944;38187;42430;46673;50916;55159;59402;63645;67888;72131;76374;80617;84860
4244;8488;12732;16976;21220;25464;29708;33952;38196;42440;46684;50928;55172;59416;63660;67904;72148;76392;80636;84880
4245;8490;12735;16980;21225;25470;29715;33960;38205;42450;46695;50940;55185;59430;63675;67920;72165;76410;80655;84900
4246;8492;12738;16984;21230;25476;29722;33968;38214;42460;46706;50952;55198;59444;63690;67936;72182;76428;80674;84920
4247;8494;12741;16988;21235;25482;29729;33976;38223;42470;46717;50964;55211;59458;63705;67952;72199;76446;80693;84940
4248;8496;12744;16992;21240;25488;29736;33984;38232;42480;46728;50976;55224;59472;63720;67968;72216;76464;80712;84960
4249;8498;12747;16996;21245;25494;29743;33992;38241;42490;46739;50988;55237;59486;63735;67984;72233;76482;80731;84980
4250;8500;12750;17000;21250;25500;29750;34000;38250;42500;46750;51000;55250;59500;63750;68000;72250;76500;80750;85000
4251;8502;12753;17004;21255;25506;29757;34008;38259;42510;46761;51012;55263;59514;63765;68016;72267;76518;80769;85020
4252;8504;12756;17008;21260;25512;29764;34016;38268;42520;46772;51024;55276;59528;63780;68032;72284;76536;80788;85040
4253;8506;12759;17012;21265;25518;29771;34024;38277;42530;46783;51036;55289;59542;63795;68048;72301;76554;80807;85060
4254;8508;12762;17016;21270;25524;29778;34032;38286;42540;46794;51048;55302;59556;63810;68064;72318;76572;80826;85080
4255;8510;12765;17020;21275;25530;29785;34040;38295;42550;46805;51060;55315;59570;63825;68080;72335;76590;80845;85100
4256;8512;12768;17024;21280;25536;29792;34048;38304;42560;46816;51072;55328;59584;63840;68096;72352;76608;80864;85120
4257;8514;12771;17028;21285;25542;29799;34056;38313;42570;46827;51084;55341;59598;63855;68112;72369;76626;80883;85140
4258;8516;12774;17032;21290;25548;29806;34064;38322;42580;46838;51096;55354;59612;63870;68128;72386;76644;80902;85160
4259;8518;12777;17036;21295;25554;29813;34072;38331;42590;46849;51108;55367;59626;63885;68144;72403;76662;80921;85180
4260;8520;12780;17040;21300;25560;29820;34080;38340;42600;46860;51120;55380;59640;63900;68160;72420;76680;80940;85200
4261;8522;12783;17044;21305;25566;29827;34088;38349;42610;46871;51132;55393;59654;63915;68176;72437;76698;80959;85220
4262;8524;12786;17048;21310;25572;29834;34096;38358;42620;46882;51144;55406;59668;63930;68192;72454;76716;80978;85240
4263;8526;12789;17052;21315;25578;29841;34104;38367;42630;46893;51156;55419;59682;63945;68208;72471;76734;80997;85260
4264;8528;12792;17056;21320;25584;29848;34112;38376;42640;46904;51168;55432;59696;63960;68224;72488;76752;81016;85280
4265;8530;12795;17060;21325;25590;29855;34120;38385;42650;46915;51180;55445;59710;63975;68240;72505;76770;81035;85300
4266;8532;12798;17064;21330;25596;29862;34128;38394;42660;46926;51192;55458;59724;63990;68256;72522;76788;81054;85320
4267;8534;12801;17068;21335;25602;29869;34136;38403;42670;46937;51204;55471;59738;64005;68272;72539;76806;81073;85340
4268;8536;12804;17072;21340;25608;29876;34144;38412;42680;46948;51216;55484;59752;64020;68288;72556;76824;81092;85360
4269;8538;12807;17076;21345;25614;29883;34152;38421;42690;46959;51228;55497;59766;64035;68304;72573;76842;81111;85380
4270;8540;12810;17080;21350;25620;29890;34160;38430;42700;46970;51240;55510;59780;64050;68320;72590;76860;81130;85400
4271;8542;12813;17084;21355;25626;29897;34168;38439;42710;46981;51252;55523;59794;64065;68336;72607;76878;81149;85420
4272;8544;12816;17088;21360;25632;29904;34176;38448;42720;46992;51264;55536;59808;64080;68352;72624;76896;81168;85440
4273;8546;12819;17092;21365;25638;29911;34184;38457;42730;47003;51276;55549;59822;64095;68368;72641;76914;81187;85460
4274;8548;12822;17096;21370;25644;29918;34192;38466;42740;47014;51288;55562;59836;64110;68384;72658;76932;81206;85480
4275;8550;12825;17100;21375;25650;29925;34200;38475;42750;47025;51300;55575;59850;64125;68400;72675;76950;81225;85500
4276;8552;12828;17104;21380;25656;29932;34208;38484;42760;47036;51312;55588;59864;64140;68416;72692;76968;81244;85520
4277;8554;12831;17108;21385;25662;29939;34216;38493;42770;47047;51324;55601;59878;64155;68432;72709;76986;81263;85540
4278;8556;12834;17112;21390;25668;29946;34224;38502;42780;47058;51336;55614;59892;64170;68448;72726;77004;81282;85560
4279;8558;12837;17116;21395;25674;29953;34232;38511;42790;47069;51348;55627;59906;64185;68464;72743;77022;81301;85580
4280;8560;12840;17120;21400;25680;29960;34240;38520;42800;47080;51360;55640;59920;64200;68480;72760;77040;81320;85600
4281;8562;12843;17124;21405;25686;29967;34248;38529;42810;47091;51372;55653;59934;64215;68496;72777;77058;81339;85620
4282;8564;12846;17128;21410;25692;29974;34256;38538;42820;47102;51384;55666;59948;64230;68512;72794;77076;81358;85640
4283;8566;12849;17132;21415;25698;29981;34264;38547;42830;47113;51396;55679;59962;64245;68528;72811;77094;81377;85660
4284;8568;12852;17136;21420;25704;29988;34272;38556;42840;47124;51408;55692;59976;64260;68544;72828;77112;81396;85680
4285;8570;12855;17140;21425;25710;29995;34280;38565;42850;47135;51420;55705;59990;64275;68560;72845;77130;81415;85700
4286;8572;12858;17144;21430;25716;30002;34288;38574;42860;47146;51432;55718;60004;64290;68576;72862;77148;81434;85720
4287;8574;12861;17148;21435;25722;30009;34296;38583;42870;47157;51444;55731;60018;64305;68592;72879;77166;81453;85740
4288;8576;12864;17152;21440;25728;30016;34304;38592;42880;47168;51456;55744;60032;64320;68608;72896;77184;81472;85760
4289;8578;12867;17156;21445;25734;30023;34312;38601;42890;47179;51468;55757;60046;64335;68624;72913;77202;81491;85780
4290;8580;12870;17160;21450;25740;30030;34320;38610;42900;47190;51480;55770;60060;64350;68640;72930;77220;81510;85800
4291;8582;12873;17164;21455;25746;30037;34328;38619;42910;47201;51492;55783;60074;64365;68656;72947;77238;81529;85820
4292;8584;12876;17168;21460;25752;30044;34336;38628;42920;47212;51504;55796;60088;64380;68672;72964;77256;81548;85840
4293;8586;12879;17172;21465;25758;30051;34344;38637;42930;47223;51516;55809;60102;64395;68688;72981;77274;81567;85860
4294;8588;12882;17176;21470;25764;30058;34352;38646;42940;47234;51528;55822;60116;64410;68704;72998;77292;81586;85880
4295;8590;12885;17180;21475;25770;30065;34360;38655;42950;47245;51540;55835;60130;64425;68720;73015;77310;81605;85900
4296;8592;12888;17184;21480;25776;30072;34368;38664;42960;47256;51552;55848;60144;64440;68736;73032;77328;81624;85920
4297;8594;12891;17188;21485;25782;30079;34376;38673;42970;47267;51564;55861;60158;64455;68752;73049;77346;81643;85940
4298;8596;12894;17192;21490;25788;30086;34384;38682;42980;47278;51576;55874;60172;64470;68768;73066;77364;81662;85960
4299;8598;12897;17196;21495;25794;30093;34392;38691;42990;47289;51588;55887;60186;64485;68784;73083;77382;81681;85980
4300;8600;12900;17200;21500;25800;30100;34400;38700;43000;47300;51600;55900;60200;64500;68800;73100;77400;81700;86000
4301;8602;12903;17204;21505;25806;30107;34408;38709;43010;47311;51612;55913;60214;64515;68816;73117;77418;81719;86020
4302;8604;12906;17208;21510;25812;30114;34416;38718;43020;47322;51624;55926;60228;64530;68832;73134;77436;81738;86040
4303;8606;12909;17212;21515;25818;30121;34424;38727;43030;47333;51636;55939;60242;64545;68848;73151;77454;81757;86060
4304;8608;12912;17216;21520;25824;30128;34432;38736;43040;47344;51648;55952;60256;64560;68864;73168;77472;81776;86080
4305;8610;12915;17220;21525;25830;30135;34440;38745;43050;47355;51660;55965;60270;64575;68880;73185;77490;81795;86100
4306;8612;12918;17224;21530;25836;30142;34448;38754;43060;47366;51672;55978;60284;64590;68896;73202;77508;81814;86120
4307;8614;12921;17228;21535;25842;30149;34456;38763;43070;47377;51684;55991;60298;64605;68912;73219;77526;81833;86140
4308;8616;12924;17232;21540;25848;30156;34464;38772;43080;47388;51696;56004;60312;64620;68928;73236;77544;81852;86160
4309;8618;12927;17236;21545;25854;30163;34472;38781;43090;47399;51708;56017;60326;64635;68944;73253;77562;81871;86180
4310;8620;12930;17240;21550;25860;30170;34480;38790;43100;47410;51720;56030;60340;64650;68960;73270;77580;81890;86200
4311;8622;12933;17244;21555;25866;30177;34488;38799;43110;47421;51732;56043;60354;64665;68976;73287;77598;81909;86220
4312;8624;12936;17248;21560;25872;30184;34496;38808;43120;47432;51744;56056;60368;64680;68992;73304;77616;81928;86240
4313;8626;12939;17252;21565;25878;30191;34504;38817;43130;47443;51756;56069;60382;64695;69008;73321;77634;81947;86260
4314;8628;12942;17256;21570;25884;30198;34512;38826;43140;47454;51768;56082;60396;64710;69024;73338;77652;81966;86280
4315;8630;12945;17260;21575;25890;30205;34520;38835;43150;47465;51780;56095;60410;64725;69040;73355;77670;81985;86300
4316;8632;12948;17264;21580;25896;30212;34528;38844;43160;47476;51792;56108;60424;64740;69056;73372;77688;82004;86320
4317;8634;12951;17268;21585;25902;30219;34536;38853;43170;47487;51804;56121;60438;64755;69072;73389;77706;82023;86340
4318;8636;12954;17272;21590;25908;30226;34544;38862;43180;47498;51816;56134;60452;64770;69088;73406;77724;82042;86360
4319;8638;12957;17276;21595;25914;30233;34552;38871;43190;47509;51828;56147;60466;64785;69104;73423;77742;82061;86380
4320;8640;12960;17280;21600;25920;30240;34560;38880;43200;47520;51840;56160;60480;64800;69120;73440;77760;82080;86400
4321;8642;12963;17284;21605;25926;30247;34568;38889;43210;47531;51852;56173;60494;64815;69136;73457;77778;82099;86420
4322;8644;12966;17288;21610;25932;30254;34576;38898;43220;47542;51864;56186;60508;64830;69152;73474;77796;82118;86440
4323;8646;12969;17292;21615;25938;30261;34584;38907;43230;47553;51876;56199;60522;64845;69168;73491;77814;82137;86460
4324;8648;12972;17296;21620;25944;30268;34592;38916;43240;47564;51888;56212;60536;64860;69184;73508;77832;82156;86480
4325;8650;12975;17300;21625;25950;30275;34600;38925;43250;47575;51900;56225;60550;64875;69200;73525;77850;82175;86500
4326;8652;12978;17304;21630;25956;30282;34608;38934;43260;47586;51912;56238;60564;64890;69216;73542;77868;82194;86520
4327;8654;12981;17308;21635;25962;30289;34616;38943;43270;47597;51924;56251;60578;64905;69232;73559;77886;82213;86540
4328;8656;12984;17312;21640;25968;30296;34624;38952;43280;47608;51936;56264;60592;64920;69248;73576;77904;82232;86560
4329;8658;12987;17316;21645;25974;30303;34632;38961;43290;47619;51948;56277;60606;64935;69264;73593;77922;82251;86580
4330;8660;12990;17320;21650;25980;30310;34640;38970;43300;47630;51960;56290;60620;64950;69280;73610;77940;82270;86600
4331;8662;12993;17324;21655;25986;30317;34648;38979;43310;47641;51972;56303;60634;64965;69296;73627;77958;82289;86620
4332;8664;12996;17328;21660;25992;30324;34656;38988;43320;47652;51984;56316;60648;64980;69312;73644;77976;82308;86640
4333;8666;12999;17332;21665;25998;30331;34664;38997;43330;47663;51996;56329;60662;64995;69328;73661;77994;82327;86660
4334;8668;13002;17336;21670;26004;30338;34672;39006;43340;47674;52008;56342;60676;65010;69344;73678;78012;82346;86680
4335;8670;13005;17340;21675;26010;30345;34680;39015;43350;47685;52020;56355;60690;65025;69360;73695;78030;82365;86700
4336;8672;13008;17344;21680;26016;30352;34688;39024;43360;47696;52032;56368;60704;65040;69376;73712;78048;82384;86720
4337;8674;13011;17348;21685;26022;30359;34696;39033;43370;47707;52044;56381;60718;65055;69392;73729;78066;82403;86740
4338;8676;13014;17352;21690;26028;30366;34704;39042;43380;47718;52056;56394;60732;65070;69408;73746;78084;82422;86760
4339;8678;13017;17356;21695;26034;30373;34712;39051;43390;47729;52068;56407;60746;65085;69424;73763;78102;82441;86780
4340;8680;13020;17360;21700;26040;30380;34720;39060;43400;47740;52080;56420;60760;65100;69440;73780;78120;82460;86800
4341;8682;13023;17364;21705;26046;30387;34728;39069;43410;47751;52092;56433;60774;65115;69456;73797;78138;82479;86820
4342;8684;13026;17368;21710;26052;30394;34736;39078;43420;47762;52104;56446;60788;65130;69472;73814;78156;82498;86840
4343;8686;13029;17372;21715;26058;30401;34744;39087;43430;47773;52116;56459;60802;65145;69488;73831;78174;82517;86860
4344;8688;13032;17376;21720;26064;30408;34752;39096;43440;47784;52128;56472;60816;65160;69504;73848;78192;82536;86880
4345;8690;13035;17380;21725;26070;30415;34760;39105;43450;47795;52140;56485;60830;65175;69520;73865;78210;82555;86900
4346;8692;13038;17384;21730;26076;30422;34768;39114;43460;47806;52152;56498;60844;65190;69536;73882;78228;82574;86920
4347;8694;13041;17388;21735;26082;30429;34776;39123;43470;47817;52164;56511;60858;65205;69552;73899;78246;82593;86940
4348;8696;13044;17392;21740;26088;30436;34784;39132;43480;47828;52176;56524;60872;65220;69568;73916;78264;82612;86960
4349;8698;13047;17396;21745;26094;30443;34792;39141;43490;47839;52188;56537;60886;65235;69584;73933;78282;82631;86980
4350;8700;13050;17400;21750;26100;30450;34800;39150;43500;47850;52200;56550;60900;65250;69600;73950;78300;82650;87000
4351;8702;13053;17404;21755;26106;30457;34808;39159;43510;47861;52212;56563;60914;65265;69616;73967;78318;82669;87020
4352;8704;13056;17408;21760;26112;30464;34816;39168;43520;47872;52224;56576;60928;65280;69632;73984;78336;82688;87040
4353;8706;13059;17412;21765;26118;30471;34824;39177;43530;47883;52236;56589;60942;65295;69648;74001;78354;82707;87060
4354;8708;13062;17416;21770;26124;30478;34832;39186;43540;47894;52248;56602;60956;65310;69664;74018;78372;82726;87080
4355;8710;13065;17420;21775;26130;30485;34840;39195;43550;47905;52260;56615;60970;65325;69680;74035;78390;82745;87100
4356;8712;13068;17424;21780;26136;30492;34848;39204;43560;47916;52272;56628;60984;65340;69696;74052;78408;82764;87120
4357;8714;13071;17428;21785;26142;30499;34856;39213;43570;47927;52284;56641;60998;65355;69712;74069;78426;82783;87140
4358;8716;13074;17432;21790;26148;30506;34864;39222;43580;47938;52296;56654;61012;65370;69728;74086;78444;82802;87160
4359;8718;13077;17436;21795;26154;30513;34872;39231;43590;47949;52308;56667;61026;65385;69744;74103;78462;82821;87180
4360;8720;13080;17440;21800;26160;30520;34880;39240;43600;47960;52320;56680;61040;65400;69760;74120;78480;82840;87200
4361;8722;13083;17444;21805;26166;30527;34888;39249;43610;47971;52332;56693;61054;65415;69776;74137;78498;82859;87220
4362;8724;13086;17448;21810;26172;30534;34896;39258;43620;47982;52344;56706;61068;65430;69792;74154;78516;82878;87240
4363;8726;13089;17452;21815;26178;30541;34904;39267;43630;47993;52356;56719;61082;65445;69808;74171;78534;82897;87260
4364;8728;13092;17456;21820;26184;30548;34912;39276;43640;48004;52368;56732;61096;65460;69824;74188;78552;82916;87280
4365;8730;13095;17460;21825;26190;30555;34920;39285;43650;48015;52380;56745;61110;65475;69840;74205;78570;82935;87300
4366;8732;13098;17464;21830;26196;30562;34928;39294;43660;48026;52392;56758;61124;65490;69856;74222;78588;82954;87320
4367;8734;13101;17468;21835;26202;30569;34936;39303;43670;48037;52404;56771;61138;65505;69872;74239;78606;82973;87340
4368;8736;13104;17472;21840;26208;30576;34944;39312;43680;48048;52416;56784;61152;65520;69888;74256;78624;82992;87360
4369;8738;13107;17476;21845;26214;30583;34952;39321;43690;48059;52428;56797;61166;65535;69904;74273;78642;83011;87380
4370;8740;13110;17480;21850;26220;30590;34960;39330;43700;48070;52440;56810;61180;65550;69920;74290;78660;83030;87400
4371;8742;13113;17484;21855;26226;30597;34968;39339;43710;48081;52452;56823;61194;65565;69936;74307;78678;83049;87420
4372;8744;13116;17488;21860;26232;30604;34976;39348;43720;48092;52464;56836;61208;65580;69952;74324;78696;83068;87440
4373;8746;13119;17492;21865;26238;30611;34984;39357;43730;48103;52476;56849;61222;65595;69968;74341;78714;83087;87460
4374;8748;13122;17496;21870;26244;30618;34992;39366;43740;48114;52488;56862;61236;65610;69984;74358;78732;83106;87480
4375;8750;13125;17500;21875;26250;30625;35000;39375;43750;48125;52500;56875;61250;65625;70000;74375;78750;83125;87500
4376;8752;13128;17504;21880;26256;30632;35008;39384;43760;48136;52512;56888;61264;65640;70016;74392;78768;83144;87520
4377;8754;13131;17508;21885;26262;30639;35016;39393;43770;48147;52524;56901;61278;65655;70032;74409;78786;83163;87540
4378;8756;13134;17512;21890;26268;30646;35024;39402;43780;48158;52536;56914;61292;65670;70048;74426;78804;83182;87560
4379;8758;13137;17516;21895;26274;30653;35032;39411;43790;48169;52548;56927;61306;65685;70064;74443;78822;83201;87580
4380;8760;13140;17520;21900;26280;30660;35040;39420;43800;48180;52560;56940;61320;65700;70080;74460;78840;83220;87600
4381;8762;13143;17524;21905;26286;30667;35048;39429;43810;48191;52572;56953;61334;65715;70096;74477;78858;83239;87620
4382;8764;13146;17528;21910;26292;30674;35056;39438;43820;48202;52584;56966;61348;65730;70112;74494;78876;83258;87640
4383;8766;13149;17532;21915;26298;30681;35064;39447;43830;48213;52596;56979;61362;65745;70128;74511;78894;83277;87660
4384;8768;13152;17536;21920;26304;30688;35072;39456;43840;48224;52608;56992;61376;65760;70144;74528;78912;83296;87680
4385;8770;13155;17540;21925;26310;30695;35080;39465;43850;48235;52620;57005;61390;65775;70160;74545;78930;83315;87700
4386;8772;13158;17544;21930;26316;30702;35088;39474;43860;48246;52632;57018;61404;65790;70176;74562;78948;83334;87720
4387;8774;13161;17548;21935;26322;30709;35096;39483;43870;48257;52644;57031;61418;65805;70192;74579;78966;83353;87740
4388;8776;13164;17552;21940;26328;30716;35104;39492;43880;48268;52656;57044;61432;65820;70208;74596;78984;83372;87760
4389;8778;13167;17556;21945;26334;30723;35112;39501;43890;48279;52668;57057;61446;65835;70224;74613;79002;83391;87780
4390;8780;13170;17560;21950;26340;30730;35120;39510;43900;48290;52680;57070;61460;65850;70240;74630;79020;83410;87800
4391;8782;13173;17564;21955;26346;30737;35128;39519;43910;48301;52692;57083;61474;65865;70256;74647;79038;83429;87820
4392;8784;13176;17568;21960;26352;30744;35136;39528;43920;48312;52704;57096;61488;65880;70272;74664;79056;83448;87840
4393;8786;13179;17572;21965;26358;30751;35144;39537;43930;48323;52716;57109;61502;65895;70288;74681;79074;83467;87860
4394;8788;13182;17576;21970;26364;30758;35152;39546;43940;48334;52728;57122;61516;65910;70304;74698;79092;83486;87880
4395;8790;13185;17580;21975;26370;30765;35160;39555;43950;48345;52740;57135;61530;65925;70320;74715;79110;83505;87900
4396;8792;13188;17584;21980;26376;30772;35168;39564;43960;48356;52752;57148;61544;65940;70336;74732;79128;83524;87920
4397;8794;13191;17588;21985;26382;30779;35176;39573;43970;48367;52764;57161;61558;65955;70352;74749;79146;83543;87940
4398;8796;13194;17592;21990;26388;30786;35184;39582;43980;48378;52776;57174;61572;65970;70368;74766;79164;83562;87960
4399;8798;13197;17596;21995;26394;30793;35192;39591;43990;48389;52788;57187;61586;65985;70384;74783;79182;83581;87980
4400;8800;13200;17600;22000;26400;30800;35200;39600;44000;48400;52800;57200;61600;66000;70400;74800;79200;83600;88000
4401;8802;13203;17604;22005;26406;30807;35208;39609;44010;48411;52812;57213;61614;66015;70416;74817;79218;83619;88020
4402;8804;13206;17608;22010;26412;30814;35216;39618;44020;48422;52824;57226;61628;66030;70432;74834;79236;83638;88040
4403;8806;13209;17612;22015;26418;30821;35224;39627;44030;48433;52836;57239;61642;66045;70448;74851;79254;83657;88060
4404;8808;13212;17616;22020;26424;30828;35232;39636;44040;48444;52848;57252;61656;66060;70464;74868;79272;83676;88080
4405;8810;13215;17620;22025;26430;30835;35240;39645;44050;48455;52860;57265;61670;66075;70480;74885;79290;83695;88100
4406;8812;13218;17624;22030;26436;30842;35248;39654;44060;48466;52872;57278;61684;66090;70496;74902;79308;83714;88120
4407;8814;13221;17628;22035;26442;30849;35256;39663;44070;48477;52884;57291;61698;66105;70512;74919;79326;83733;88140
4408;8816;13224;17632;22040;26448;30856;35264;39672;44080;48488;52896;57304;61712;66120;70528;74936;79344;83752;88160
4409;8818;13227;17636;22045;26454;30863;35272;39681;44090;48499;52908;57317;61726;66135;70544;74953;79362;83771;88180
4410;8820;13230;17640;22050;26460;30870;35280;39690;44100;48510;52920;57330;61740;66150;70560;74970;79380;83790;88200
4411;8822;13233;17644;22055;26466;30877;35288;39699;44110;48521;52932;57343;61754;66165;70576;74987;79398;83809;88220
4412;8824;13236;17648;22060;26472;30884;35296;39708;44120;48532;52944;57356;61768;66180;70592;75004;79416;83828;88240
4413;8826;13239;17652;22065;26478;30891;35304;39717;44130;48543;52956;57369;61782;66195;70608;75021;79434;83847;88260
4414;8828;13242;17656;22070;26484;30898;35312;39726;44140;48554;52968;57382;61796;66210;70624;75038;79452;83866;88280
4415;8830;13245;17660;22075;26490;30905;35320;39735;44150;48565;52980;57395;61810;66225;70640;75055;79470;83885;88300
4416;8832;13248;17664;22080;26496;30912;35328;39744;44160;48576;52992;57408;61824;66240;70656;75072;79488;83904;88320
4417;8834;13251;17668;22085;26502;30919;35336;39753;44170;48587;53004;57421;61838;66255;70672;75089;79506;83923;88340
4418;8836;13254;17672;22090;26508;30926;35344;39762;44180;48598;53016;57434;61852;66270;70688;75106;79524;83942;88360
4419;8838;13257;17676;22095;26514;30933;35352;39771;44190;48609;53028;57447;61866;66285;70704;75123;79542;83961;88380
4420;8840;13260;17680;22100;26520;30940;35360;39780;44200;48620;53040;57460;61880;66300;70720;75140;79560;83980;88400
4421;8842;13263;17684;22105;26526;30947;35368;39789;44210;48631;53052;57473;61894;66315;70736;75157;79578;83999;88420
4422;8844;13266;17688;22110;26532;30954;35376;39798;44220;48642;53064;57486;61908;66330;70752;75174;79596;84018;88440
4423;8846;13269;17692;22115;26538;30961;35384;39807;44230;48653;53076;57499;61922;66345;70768;75191;79614;84037;88460
4424;8848;13272;17696;22120;26544;30968;35392;39816;44240;48664;53088;57512;61936;66360;70784;75208;79632;84056;88480
4425;8850;13275;17700;22125;26550;30975;35400;39825;44250;48675;53100;57525;61950;66375;70800;75225;79650;84075;88500
4426;8852;13278;17704;22130;26556;30982;35408;39834;44260;48686;53112;57538;61964;66390;70816;75242;79668;84094;88520
4427;8854;13281;17708;22135;26562;30989;35416;39843;44270;48697;53124;57551;61978;66405;70832;75259;79686;84113;88540
4428;8856;13284;17712;22140;26568;30996;35424;39852;44280;48708;53136;57564;61992;66420;70848;75276;79704;84132;88560
4429;8858;13287;17716;22145;26574;31003;35432;39861;44290;48719;53148;57577;62006;66435;70864;75293;79722;84151;88580
4430;8860;13290;17720;22150;26580;31010;35440;39870;44300;48730;53160;57590;62020;66450;70880;75310;79740;84170;88600
4431;8862;13293;17724;22155;26586;31017;35448;39879;44310;48741;53172;57603;62034;66465;70896;75327;79758;84189;88620
4432;8864;13296;17728;22160;26592;31024;35456;39888;44320;48752;53184;57616;62048;66480;70912;75344;79776;84208;88640
4433;8866;13299;17732;22165;26598;31031;35464;39897;44330;48763;53196;57629;62062;66495;70928;75361;79794;84227;88660
4434;8868;13302;17736;22170;26604;31038;35472;39906;44340;48774;53208;57642;62076;66510;70944;75378;79812;84246;88680
4435;8870;13305;17740;22175;26610;31045;35480;39915;44350;48785;53220;57655;62090;66525;70960;75395;79830;84265;88700
4436;8872;13308;17744;22180;26616;31052;35488;39924;44360;48796;53232;57668;62104;66540;70976;75412;79848;84284;88720
4437;8874;13311;17748;22185;26622;31059;35496;39933;44370;48807;53244;57681;62118;66555;70992;75429;79866;84303;88740
4438;8876;13314;17752;22190;26628;31066;35504;39942;44380;48818;53256;57694;62132;66570;71008;75446;79884;84322;88760
4439;8878;13317;17756;22195;26634;31073;35512;39951;44390;48829;53268;57707;62146;66585;71024;75463;79902;84341;88780
4440;8880;13320;17760;22200;26640;31080;35520;39960;44400;48840;53280;57720;62160;66600;71040;75480;79920;84360;88800
4441;8882;13323;17764;22205;26646;31087;35528;39969;44410;48851;53292;57733;62174;66615;71056;75497;79938;84379;88820
4442;8884;13326;17768;22210;26652;31094;35536;39978;44420;48862;53304;57746;62188;66630;71072;75514;79956;84398;88840
4443;8886;13329;17772;22215;26658;31101;35544;39987;44430;48873;53316;57759;62202;66645;71088;75531;79974;84417;88860
4444;8888;13332;17776;22220;26664;31108;35552;39996;44440;48884;53328;57772;62216;66660;71104;75548;79992;84436;88880
4445;8890;13335;17780;22225;26670;31115;35560;40005;44450;48895;53340;57785;62230;66675;71120;75565;80010;84455;88900
4446;8892;13338;17784;22230;26676;31122;35568;40014;44460;48906;53352;57798;62244;66690;71136;75582;80028;84474;88920
4447;8894;13341;17788;22235;26682;31129;35576;40023;44470;48917;53364;57811;62258;66705;71152;75599;80046;84493;88940
4448;8896;13344;17792;22240;26688;31136;35584;40032;44480;48928;53376;57824;62272;66720;71168;75616;80064;84512;88960
4449;8898;13347;17796;22245;26694;31143;35592;40041;44490;48939;53388;57837;62286;66735;71184;75633;80082;84531;88980
4450;8900;13350;17800;22250;26700;31150;35600;40050;44500;48950;53400;57850;62300;66750;71200;75650;80100;84550;89000
4451;8902;13353;17804;22255;26706;31157;35608;40059;44510;48961;53412;57863;62314;66765;71216;75667;80118;84569;89020
4452;8904;13356;17808;22260;26712;31164;35616;40068;44520;48972;53424;57876;62328;66780;71232;75684;80136;84588;89040
4453;8906;13359;17812;22265;26718;31171;35624;40077;44530;48983;53436;57889;62342;66795;71248;75701;80154;84607;89060
4454;8908;13362;17816;22270;26724;31178;35632;40086;44540;48994;53448;57902;62356;66810;71264;75718;80172;84626;89080
4455;8910;13365;17820;22275;26730;31185;35640;40095;44550;49005;53460;57915;62370;66825;71280;75735;80190;84645;89100
4456;8912;13368;17824;22280;26736;31192;35648;40104;44560;49016;53472;57928;62384;66840;71296;75752;80208;84664;89120
4457;8914;13371;17828;22285;26742;31199;35656;40113;44570;49027;53484;57941;62398;66855;71312;75769;80226;84683;89140
4458;8916;13374;17832;22290;26748;31206;35664;40122;44580;49038;53496;57954;62412;66870;71328;75786;80244;84702;89160
4459;8918;13377;17836;22295;26754;31213;35672;40131;44590;49049;53508;57967;62426;66885;71344;75803;80262;84721;89180
4460;8920;13380;17840;22300;26760;31220;35680;40140;44600;49060;53520;57980;62440;66900;71360;75820;80280;84740;89200
4461;8922;13383;17844;22305;26766;31227;35688;40149;44610;49071;53532;57993;62454;66915;71376;75837;80298;84759;89220
4462;8924;13386;17848;22310;26772;31234;35696;40158;44620;49082;53544;58006;62468;66930;71392;75854;80316;84778;89240
4463;8926;13389;17852;22315;26778;31241;35704;40167;44630;49093;53556;58019;62482;66945;71408;75871;80334;84797;89260
4464;8928;13392;17856;22320;26784;31248;35712;40176;44640;49104;53568;58032;62496;66960;71424;75888;80352;84816;89280
4465;8930;13395;17860;22325;26790;31255;35720;40185;44650;49115;53580;58045;62510;66975;71440;75905;80370;84835;89300
4466;8932;13398;17864;22330;26796;31262;35728;40194;44660;49126;53592;58058;62524;66990;71456;75922;80388;84854;89320
4467;8934;13401;17868;22335;26802;31269;35736;40203;44670;49137;53604;58071;62538;67005;71472;75939;80406;84873;89340
4468;8936;13404;17872;22340;26808;31276;35744;40212;44680;49148;53616;58084;62552;67020;71488;75956;80424;84892;89360
4469;8938;13407;17876;22345;26814;31283;35752;40221;44690;49159;53628;58097;62566;67035;71504;75973;80442;84911;89380
4470;8940;13410;17880;22350;26820;31290;35760;40230;44700;49170;53640;58110;62580;67050;71520;75990;80460;84930;89400
4471;8942;13413;17884;22355;26826;31297;35768;40239;44710;49181;53652;58123;62594;67065;71536;76007;80478;84949;89420
4472;8944;13416;17888;22360;26832;31304;35776;40248;44720;49192;53664;58136;62608;67080;71552;76024;80496;84968;89440
4473;8946;13419;17892;22365;26838;31311;35784;40257;44730;49203;53676;58149;62622;67095;71568;76041;80514;84987;89460
4474;8948;13422;17896;22370;26844;31318;35792;40266;44740;49214;53688;58162;62636;67110;71584;76058;80532;85006;89480
4475;8950;13425;17900;22375;26850;31325;35800;40275;44750;49225;53700;58175;62650;67125;71600;76075;80550;85025;89500
4476;8952;13428;17904;22380;26856;31332;35808;40284;44760;49236;53712;58188;62664;67140;71616;76092;80568;85044;89520
4477;8954;13431;17908;22385;26862;31339;35816;40293;44770;49247;53724;58201;62678;67155;71632;76109;80586;85063;89540
4478;8956;13434;17912;22390;26868;31346;35824;40302;44780;49258;53736;58214;62692;67170;71648;76126;80604;85082;89560
4479;8958;13437;17916;22395;26874;31353;35832;40311;44790;49269;53748;58227;62706;67185;71664;76143;80622;85101;89580
4480;8960;13440;17920;22400;26880;31360;35840;40320;44800;49280;53760;58240;62720;67200;71680;76160;80640;85120;89600
4481;8962;13443;17924;22405;26886;31367;35848;40329;44810;49291;53772;58253;62734;67215;71696;76177;80658;85139;89620
4482;8964;13446;17928;22410;26892;31374;35856;40338;44820;49302;53784;58266;62748;67230;71712;76194;80676;85158;89640
4483;8966;13449;17932;22415;26898;31381;35864;40347;44830;49313;53796;58279;62762;67245;71728;76211;80694;85177;89660
4484;8968;13452;17936;22420;26904;31388;35872;40356;44840;49324;53808;58292;62776;67260;71744;76228;80712;85196;89680
4485;8970;13455;17940;22425;26910;31395;35880;40365;44850;49335;53820;58305;62790;67275;71760;76245;80730;85215;89700
4486;8972;13458;17944;22430;26916;31402;35888;40374;44860;49346;53832;58318;62804;67290;71776;76262;80748;85234;89720
4487;8974;13461;17948;22435;26922;31409;35896;40383;44870;49357;53844;58331;62818;67305;71792;76279;80766;85253;89740
4488;8976;13464;17952;22440;26928;31416;35904;40392;44880;49368;53856;58344;62832;67320;71808;76296;80784;85272;89760
4489;8978;13467;17956;22445;26934;31423;35912;40401;44890;49379;53868;58357;62846;67335;71824;76313;80802;85291;89780
4490;8980;13470;17960;22450;26940;31430;35920;40410;44900;49390;53880;58370;62860;67350;71840;76330;80820;85310;89800
4491;8982;13473;17964;22455;26946;31437;35928;40419;44910;49401;53892;58383;62874;67365;71856;76347;80838;85329;89820
4492;8984;13476;17968;22460;26952;31444;35936;40428;44920;49412;53904;58396;62888;67380;71872;76364;80856;85348;89840
4493;8986;13479;17972;22465;26958;31451;35944;40437;44930;49423;53916;58409;62902;67395;71888;76381;80874;85367;89860
4494;8988;13482;17976;22470;26964;31458;35952;40446;44940;49434;53928;58422;62916;67410;71904;76398;80892;85386;89880
4495;8990;13485;17980;22475;26970;31465;35960;40455;44950;49445;53940;58435;62930;67425;71920;76415;80910;85405;89900
4496;8992;13488;17984;22480;26976;31472;35968;40464;44960;49456;53952;58448;62944;67440;71936;76432;80928;85424;89920
4497;8994;13491;17988;22485;26982;31479;35976;40473;44970;49467;53964;58461;62958;67455;71952;76449;80946;85443;89940
4498;8996;13494;17992;22490;26988;31486;35984;40482;44980;49478;53976;58474;62972;67470;71968;76466;80964;85462;89960
4499;8998;13497;17996;22495;26994;31493;35992;40491;44990;49489;53988;58487;62986;67485;71984;76483;80982;85481;89980
4500;9000;13500;18000;22500;27000;31500;36000;40500;45000;49500;54000;58500;63000;67500;72000;76500;81000;85500;90000
4501;9002;13503;18004;22505;27006;31507;36008;40509;45010;49511;54012;58513;63014;67515;72016;76517;81018;85519;90020
4502;9004;13506;18008;22510;27012;31514;36016;40518;45020;49522;54024;58526;63028;67530;72032;76534;81036;85538;90040
4503;9006;13509;18012;22515;27018;31521;36024;40527;45030;49533;54036;58539;63042;67545;72048;76551;81054;85557;90060
4504;9008;13512;18016;22520;27024;31528;36032;40536;45040;49544;54048;58552;63056;67560;72064;76568;81072;85576;90080
4505;9010;13515;18020;22525;27030;31535;36040;40545;45050;49555;54060;58565;63070;67575;72080;76585;81090;85595;90100
4506;9012;13518;18024;22530;27036;31542;36048;40554;45060;49566;54072;58578;63084;67590;72096;76602;81108;85614;90120
4507;9014;13521;18028;22535;27042;31549;36056;40563;45070;49577;54084;58591;63098;67605;72112;76619;81126;85633;90140
4508;9016;13524;18032;22540;27048;31556;36064;40572;45080;49588;54096;58604;63112;67620;72128;76636;81144;85652;90160
4509;9018;13527;18036;22545;27054;31563;36072;40581;45090;49599;54108;58617;63126;67635;72144;76653;81162;85671;90180
4510;9020;13530;18040;22550;27060;31570;36080;40590;45100;49610;54120;58630;63140;67650;72160;76670;81180;85690;90200
4511;9022;13533;18044;22555;27066;31577;36088;40599;45110;49621;54132;58643;63154;67665;72176;76687;81198;85709;90220
4512;9024;13536;18048;22560;27072;31584;36096;40608;45120;49632;54144;58656;63168;67680;72192;76704;81216;85728;90240
4513;9026;13539;18052;22565;27078;31591;36104;40617;45130;49643;54156;58669;63182;67695;72208;76721;81234;85747;90260
4514;9028;13542;18056;22570;27084;31598;36112;40626;45140;49654;54168;58682;63196;67710;72224;76738;81252;85766;90280
4515;9030;13545;18060;22575;27090;31605;36120;40635;45150;49665;54180;58695;63210;67725;72240;76755;81270;85785;90300
4516;9032;13548;18064;22580;27096;31612;36128;40644;45160;49676;54192;58708;63224;67740;72256;76772;81288;85804;90320
4517;9034;13551;18068;22585;27102;31619;36136;40653;45170;49687;54204;58721;63238;67755;72272;76789;81306;85823;90340
4518;9036;13554;18072;22590;27108;31626;36144;40662;45180;49698;54216;58734;63252;67770;72288;76806;81324;85842;90360
4519;9038;13557;18076;22595;27114;31633;36152;40671;45190;49709;54228;58747;63266;67785;72304;76823;81342;85861;90380
4520;9040;13560;18080;22600;27120;31640;36160;40680;45200;49720;54240;58760;63280;67800;72320;76840;81360;85880;90400
4521;9042;13563;18084;22605;27126;31647;36168;40689;45210;49731;54252;58773;63294;67815;72336;76857;81378;85899;90420
4522;9044;13566;18088;22610;27132;31654;36176;40698;45220;49742;54264;58786;63308;67830;72352;76874;81396;85918;90440
4523;9046;13569;18092;22615;27138;31661;36184;40707;45230;49753;54276;58799;63322;67845;72368;76891;81414;85937;90460
4524;9048;13572;18096;22620;27144;31668;36192;40716;45240;49764;54288;58812;63336;67860;72384;76908;81432;85956;90480
4525;9050;13575;18100;22625;27150;31675;36200;40725;45250;49775;54300;58825;63350;67875;72400;76925;81450;85975;90500
4526;9052;13578;18104;22630;27156;31682;36208;40734;45260;49786;54312;58838;63364;67890;72416;76942;81468;85994;90520
4527;9054;13581;18108;22635;27162;31689;36216;40743;45270;49797;54324;58851;63378;67905;72432;76959;81486;86013;90540
4528;9056;13584;18112;22640;27168;31696;36224;40752;45280;49808;54336;58864;63392;67920;72448;76976;81504;86032;90560
4529;9058;13587;18116;22645;27174;31703;36232;40761;45290;49819;54348;58877;63406;67935;72464;76993;81522;86051;90580
4530;9060;13590;18120;22650;27180;31710;36240;40770;45300;49830;54360;58890;63420;67950;72480;77010;81540;86070;90600
4531;9062;13593;18124;22655;27186;31717;36248;40779;45310;49841;54372;58903;63434;67965;72496;77027;81558;86089;90620
4532;9064;13596;18128;22660;27192;31724;36256;40788;45320;49852;54384;58916;63448;67980;72512;77044;81576;86108;90640
4533;9066;13599;18132;22665;27198;31731;36264;40797;45330;49863;54396;58929;63462;67995;72528;77061;81594;86127;90660
4534;9068;13602;18136;22670;27204;31738;36272;40806;45340;49874;54408;58942;63476;68010;72544;77078;81612;86146;90680
4535;9070;13605;18140;22675;27210;31745;36280;40815;45350;49885;54420;58955;63490;68025;72560;77095;81630;86165;90700
4536;9072;13608;18144;22680;27216;31752;36288;40824;45360;49896;54432;58968;63504;68040;72576;77112;81648;86184;90720
4537;9074;13611;18148;22685;27222;31759;36296;40833;45370;49907;54444;58981;63518;68055;72592;77129;81666;86203;90740
4538;9076;13614;18152;22690;27228;31766;36304;40842;45380;49918;54456;58994;63532;68070;72608;77146;81684;86222;90760
4539;9078;13617;18156;22695;27234;31773;36312;40851;45390;49929;54468;59007;63546;68085;72624;77163;81702;86241;90780
4540;9080;13620;18160;22700;27240;31780;36320;40860;45400;49940;54480;59020;63560;68100;72640;77180;81720;86260;90800
4541;9082;13623;18164;22705;27246;31787;36328;40869;45410;49951;54492;59033;63574;68115;72656;77197;81738;86279;90820
4542;9084;13626;18168;22710;27252;31794;36336;40878;45420;49962;54504;59046;63588;68130;72672;77214;81756;86298;90840
4543;9086;13629;18172;22715;27258;31801;36344;40887;45430;49973;54516;59059;63602;68145;72688;77231;81774;86317;90860
4544;9088;13632;18176;22720;27264;31808;36352;40896;45440;49984;54528;59072;63616;68160;72704;77248;81792;86336;90880
4545;9090;13635;18180;22725;27270;31815;36360;40905;45450;49995;54540;59085;63630;68175;72720;77265;81810;86355;90900
4546;9092;13638;18184;22730;27276;31822;36368;40914;45460;50006;54552;59098;63644;68190;72736;77282;81828;86374;90920
4547;9094;13641;18188;22735;27282;31829;36376;40923;45470;50017;54564;59111;63658;68205;72752;77299;81846;86393;90940
4548;9096;13644;18192;22740;27288;31836;36384;40932;45480;50028;54576;59124;63672;68220;72768;77316;81864;86412;90960
4549;9098;13647;18196;22745;27294;31843;36392;40941;45490;50039;54588;59137;63686;68235;72784;77333;81882;86431;90980
4550;9100;13650;18200;22750;27300;31850;36400;40950;45500;50050;54600;59150;63700;68250;72800;77350;81900;86450;91000
4551;9102;13653;18204;22755;27306;31857;36408;40959;45510;50061;54612;59163;63714;68265;72816;77367;81918;86469;91020
4552;9104;13656;18208;22760;27312;31864;36416;40968;45520;50072;54624;59176;63728;68280;72832;77384;81936;86488;91040
4553;9106;13659;18212;22765;27318;31871;36424;40977;45530;50083;54636;59189;63742;68295;72848;77401;81954;86507;91060
4554;9108;13662;18216;22770;27324;31878;36432;40986;45540;50094;54648;59202;63756;68310;72864;77418;81972;86526;91080
4555;9110;13665;18220;22775;27330;31885;36440;40995;45550;50105;54660;59215;63770;68325;72880;77435;81990;86545;91100
4556;9112;13668;18224;22780;27336;31892;36448;41004;45560;50116;54672;59228;63784;68340;72896;77452;82008;86564;91120
4557;9114;13671;18228;22785;27342;31899;36456;41013;45570;50127;54684;59241;63798;68355;72912;77469;82026;86583;91140
4558;9116;13674;18232;22790;27348;31906;36464;41022;45580;50138;54696;59254;63812;68370;72928;77486;82044;86602;91160
4559;9118;13677;18236;22795;27354;31913;36472;41031;45590;50149;54708;59267;63826;68385;72944;77503;82062;86621;91180
4560;9120;13680;18240;22800;27360;31920;36480;41040;45600;50160;54720;59280;63840;68400;72960;77520;82080;86640;91200
4561;9122;13683;18244;22805;27366;31927;36488;41049;45610;50171;54732;59293;63854;68415;72976;77537;82098;86659;91220
4562;9124;13686;18248;22810;27372;31934;36496;41058;45620;50182;54744;59306;63868;68430;72992;77554;82116;86678;91240
4563;9126;13689;18252;22815;27378;31941;36504;41067;45630;50193;54756;59319;63882;68445;73008;77571;82134;86697;91260
4564;9128;13692;18256;22820;27384;31948;36512;41076;45640;50204;54768;59332;63896;68460;73024;77588;82152;86716;91280
4565;9130;13695;18260;22825;27390;31955;36520;41085;45650;50215;54780;59345;63910;68475;73040;77605;82170;86735;91300
4566;9132;13698;18264;22830;27396;31962;36528;41094;45660;50226;54792;59358;63924;68490;73056;77622;82188;86754;91320
4567;9134;13701;18268;22835;27402;31969;36536;41103;45670;50237;54804;59371;63938;68505;73072;77639;82206;86773;91340
4568;9136;13704;18272;22840;27408;31976;36544;41112;45680;50248;54816;59384;63952;68520;73088;77656;82224;86792;91360
4569;9138;13707;18276;22845;27414;31983;36552;41121;45690;50259;54828;59397;63966;68535;73104;77673;82242;86811;91380
4570;9140;13710;18280;22850;27420;31990;36560;41130;45700;50270;54840;59410;63980;68550;73120;77690;82260;86830;91400
4571;9142;13713;18284;22855;27426;31997;36568;41139;45710;50281;54852;59423;63994;68565;73136;77707;82278;86849;91420
4572;9144;13716;18288;22860;27432;32004;36576;41148;45720;50292;54864;59436;64008;68580;73152;77724;82296;86868;91440
4573;9146;13719;18292;22865;27438;32011;36584;41157;45730;50303;54876;59449;64022;68595;73168;77741;82314;86887;91460
4574;9148;13722;18296;22870;27444;32018;36592;41166;45740;50314;54888;59462;64036;68610;73184;77758;82332;86906;91480
4575;9150;13725;18300;22875;27450;32025;36600;41175;45750;50325;54900;59475;64050;68625;73200;77775;82350;86925;91500
4576;9152;13728;18304;22880;27456;32032;36608;41184;45760;50336;54912;59488;64064;68640;73216;77792;82368;86944;91520
4577;9154;13731;18308;22885;27462;32039;36616;41193;45770;50347;54924;59501;64078;68655;73232;77809;82386;86963;91540
4578;9156;13734;18312;22890;27468;32046;36624;41202;45780;50358;54936;59514;64092;68670;73248;77826;82404;86982;91560
4579;9158;13737;18316;22895;27474;32053;36632;41211;45790;50369;54948;59527;64106;68685;73264;77843;82422;87001;91580
4580;9160;13740;18320;22900;27480;32060;36640;41220;45800;50380;54960;59540;64120;68700;73280;77860;82440;87020;91600
4581;9162;13743;18324;22905;27486;32067;36648;41229;45810;50391;54972;59553;64134;68715;73296;77877;82458;87039;91620
4582;9164;13746;18328;22910;27492;32074;36656;41238;45820;50402;54984;59566;64148;68730;73312;77894;82476;87058;91640
4583;9166;13749;18332;22915;27498;32081;36664;41247;45830;50413;54996;59579;64162;68745;73328;77911;82494;87077;91660
4584;9168;13752;18336;22920;27504;32088;36672;41256;45840;50424;55008;59592;64176;68760;73344;77928;82512;87096;91680
4585;9170;13755;18340;22925;27510;32095;36680;41265;45850;50435;55020;59605;64190;68775;73360;77945;82530;87115;91700
4586;9172;13758;18344;22930;27516;32102;36688;41274;45860;50446;55032;59618;64204;68790;73376;77962;82548;87134;91720
4587;9174;13761;18348;22935;27522;32109;36696;41283;45870;50457;55044;59631;64218;68805;73392;77979;82566;87153;91740
4588;9176;13764;18352;22940;27528;32116;36704;41292;45880;50468;55056;59644;64232;68820;73408;77996;82584;87172;91760
4589;9178;13767;18356;22945;27534;32123;36712;41301;45890;50479;55068;59657;64246;68835;73424;78013;82602;87191;91780
4590;9180;13770;18360;22950;27540;32130;36720;41310;45900;50490;55080;59670;64260;68850;73440;78030;82620;87210;91800
4591;9182;13773;18364;22955;27546;32137;36728;41319;45910;50501;55092;59683;64274;68865;73456;78047;82638;87229;91820
4592;9184;13776;18368;22960;27552;32144;36736;41328;45920;50512;55104;59696;64288;68880;73472;78064;82656;87248;91840
4593;9186;13779;18372;22965;27558;32151;36744;41337;45930;50523;55116;59709;64302;68895;73488;78081;82674;87267;91860
4594;9188;13782;18376;22970;27564;32158;36752;41346;45940;50534;55128;59722;64316;68910;73504;78098;82692;87286;91880
4595;9190;13785;18380;22975;27570;32165;36760;41355;45950;50545;55140;59735;64330;68925;73520;78115;82710;87305;91900
4596;9192;13788;18384;22980;27576;32172;36768;41364;45960;50556;55152;59748;64344;68940;73536;78132;82728;87324;91920
4597;9194;13791;18388;22985;27582;32179;36776;41373;45970;50567;55164;59761;64358;68955;73552;78149;82746;87343;91940
4598;9196;13794;18392;22990;27588;32186;36784;41382;45980;50578;55176;59774;64372;68970;73568;78166;82764;87362;91960
4599;9198;13797;18396;22995;27594;32193;36792;41391;45990;50589;55188;59787;64386;68985;73584;78183;82782;87381;91980
4600;9200;13800;18400;23000;27600;32200;36800;41400;46000;50600;55200;59800;64400;69000;73600;78200;82800;87400;92000
4601;9202;13803;18404;23005;27606;32207;36808;41409;46010;50611;55212;59813;64414;69015;73616;78217;82818;87419;92020
4602;9204;13806;18408;23010;27612;32214;36816;41418;46020;50622;55224;59826;64428;69030;73632;78234;82836;87438;92040
4603;9206;13809;18412;23015;27618;32221;36824;41427;46030;50633;55236;59839;64442;69045;73648;78251;82854;87457;92060
4604;9208;13812;18416;23020;27624;32228;36832;41436;46040;50644;55248;59852;64456;69060;73664;78268;82872;87476;92080
4605;9210;13815;18420;23025;27630;32235;36840;41445;46050;50655;55260;59865;64470;69075;73680;78285;82890;87495;92100
4606;9212;13818;18424;23030;27636;32242;36848;41454;46060;50666;55272;59878;64484;69090;73696;78302;82908;87514;92120
4607;9214;13821;18428;23035;27642;32249;36856;41463;46070;50677;55284;59891;64498;69105;73712;78319;82926;87533;92140
4608;9216;13824;18432;23040;27648;32256;36864;41472;46080;50688;55296;59904;64512;69120;73728;78336;82944;87552;92160
4609;9218;13827;18436;23045;27654;32263;36872;41481;46090;50699;55308;59917;64526;69135;73744;78353;82962;87571;92180
4610;9220;13830;18440;23050;27660;32270;36880;41490;46100;50710;55320;59930;64540;69150;73760;78370;82980;87590;92200
4611;9222;13833;18444;23055;27666;32277;36888;41499;46110;50721;55332;59943;64554;69165;73776;78387;82998;87609;92220
4612;9224;13836;18448;23060;27672;32284;36896;41508;46120;50732;55344;59956;64568;69180;73792;78404;83016;87628;92240
4613;9226;13839;18452;23065;27678;32291;36904;41517;46130;50743;55356;59969;64582;69195;73808;78421;83034;87647;92260
4614;9228;13842;18456;23070;27684;32298;36912;41526;46140;50754;55368;59982;64596;69210;73824;78438;83052;87666;92280
4615;9230;13845;18460;23075;27690;32305;36920;41535;46150;50765;55380;59995;64610;69225;73840;78455;83070;87685;92300
4616;9232;13848;18464;23080;27696;32312;36928;41544;46160;50776;55392;60008;64624;69240;73856;78472;83088;87704;92320
4617;9234;13851;18468;23085;27702;32319;36936;41553;46170;50787;55404;60021;64638;69255;73872;78489;83106;87723;92340
4618;9236;13854;18472;23090;27708;32326;36944;41562;46180;50798;55416;60034;64652;69270;73888;78506;83124;87742;92360
4619;9238;13857;18476;23095;27714;32333;36952;41571;46190;50809;55428;60047;64666;69285;73904;78523;83142;87761;92380
4620;9240;13860;18480;23100;27720;32340;36960;41580;46200;50820;55440;60060;64680;69300;73920;78540;83160;87780;92400
4621;9242;13863;18484;23105;27726;32347;36968;41589;46210;50831;55452;60073;64694;69315;73936;78557;83178;87799;92420
4622;9244;13866;18488;23110;27732;32354;36976;41598;46220;50842;55464;60086;64708;69330;73952;78574;83196;87818;92440
4623;9246;13869;18492;23115;27738;32361;36984;41607;46230;50853;55476;60099;64722;69345;73968;78591;83214;87837;92460
4624;9248;13872;18496;23120;27744;32368;36992;41616;46240;50864;55488;60112;64736;69360;73984;78608;83232;87856;92480
4625;9250;13875;18500;23125;27750;32375;37000;41625;46250;50875;55500;60125;64750;69375;74000;78625;83250;87875;92500
4626;9252;13878;18504;23130;27756;32382;37008;41634;46260;50886;55512;60138;64764;69390;74016;78642;83268;87894;92520
4627;9254;13881;18508;23135;27762;32389;37016;41643;46270;50897;55524;60151;64778;69405;74032;78659;83286;87913;92540
4628;9256;13884;18512;23140;27768;32396;37024;41652;46280;50908;55536;60164;64792;69420;74048;78676;83304;87932;92560
4629;9258;13887;18516;23145;27774;32403;37032;41661;46290;50919;55548;60177;64806;69435;74064;78693;83322;87951;92580
4630;9260;13890;18520;23150;27780;32410;37040;41670;46300;50930;55560;60190;64820;69450;74080;78710;83340;87970;92600
4631;9262;13893;18524;23155;27786;32417;37048;41679;46310;50941;55572;60203;64834;69465;74096;78727;83358;87989;92620
4632;9264;13896;18528;23160;27792;32424;37056;41688;46320;50952;55584;60216;64848;69480;74112;78744;83376;88008;92640
4633;9266;13899;18532;23165;27798;32431;37064;41697;46330;50963;55596;60229;64862;69495;74128;78761;83394;88027;92660
4634;9268;13902;18536;23170;27804;32438;37072;41706;46340;50974;55608;60242;64876;69510;74144;78778;83412;88046;92680
4635;9270;13905;18540;23175;27810;32445;37080;41715;46350;50985;55620;60255;64890;69525;74160;78795;83430;88065;92700
4636;9272;13908;18544;23180;27816;32452;37088;41724;46360;50996;55632;60268;64904;69540;74176;78812;83448;88084;92720
4637;9274;13911;18548;23185;27822;32459;37096;41733;46370;51007;55644;60281;64918;69555;74192;78829;83466;88103;92740
4638;9276;13914;18552;23190;27828;32466;37104;41742;46380;51018;55656;60294;64932;69570;74208;78846;83484;88122;92760
4639;9278;13917;18556;23195;27834;32473;37112;41751;46390;51029;55668;60307;64946;69585;74224;78863;83502;88141;92780
4640;9280;13920;18560;23200;27840;32480;37120;41760;46400;51040;55680;60320;64960;69600;74240;78880;83520;88160;92800
4641;9282;13923;18564;23205;27846;32487;37128;41769;46410;51051;55692;60333;64974;69615;74256;78897;83538;88179;92820
4642;9284;13926;18568;23210;27852;32494;37136;41778;46420;51062;55704;60346;64988;69630;74272;78914;83556;88198;92840
4643;9286;13929;18572;23215;27858;32501;37144;41787;46430;51073;55716;60359;65002;69645;74288;78931;83574;88217;92860
4644;9288;13932;18576;23220;27864;32508;37152;41796;46440;51084;55728;60372;65016;69660;74304;78948;83592;88236;92880
4645;9290;13935;18580;23225;27870;32515;37160;41805;46450;51095;55740;60385;65030;69675;74320;78965;83610;88255;92900
4646;9292;13938;18584;23230;27876;32522;37168;41814;46460;51106;55752;60398;65044;69690;74336;78982;83628;88274;92920
4647;9294;13941;18588;23235;27882;32529;37176;41823;46470;51117;55764;60411;65058;69705;74352;78999;83646;88293;92940
4648;9296;13944;18592;23240;27888;32536;37184;41832;46480;51128;55776;60424;65072;69720;74368;79016;83664;88312;92960
4649;9298;13947;18596;23245;27894;32543;37192;41841;46490;51139;55788;60437;65086;69735;74384;79033;83682;88331;92980
4650;9300;13950;18600;23250;27900;32550;37200;41850;46500;51150;55800;60450;65100;69750;74400;79050;83700;88350;93000
4651;9302;13953;18604;23255;27906;32557;37208;41859;46510;51161;55812;60463;65114;69765;74416;79067;83718;88369;93020
4652;9304;13956;18608;23260;27912;32564;37216;41868;46520;51172;55824;60476;65128;69780;74432;79084;83736;88388;93040
4653;9306;13959;18612;23265;27918;32571;37224;41877;46530;51183;55836;60489;65142;69795;74448;79101;83754;88407;93060
4654;9308;13962;18616;23270;27924;32578;37232;41886;46540;51194;55848;60502;65156;69810;74464;79118;83772;88426;93080
4655;9310;13965;18620;23275;27930;32585;37240;41895;46550;51205;55860;60515;65170;69825;74480;79135;83790;88445;93100
4656;9312;13968;18624;23280;27936;32592;37248;41904;46560;51216;55872;60528;65184;69840;74496;79152;83808;88464;93120
4657;9314;13971;18628;23285;27942;32599;37256;41913;46570;51227;55884;60541;65198;69855;74512;79169;83826;88483;93140
4658;9316;13974;18632;23290;27948;32606;37264;41922;46580;51238;55896;60554;65212;69870;74528;79186;83844;88502;93160
4659;9318;13977;18636;23295;27954;32613;37272;41931;46590;51249;55908;60567;65226;69885;74544;79203;83862;88521;93180
4660;9320;13980;18640;23300;27960;32620;37280;41940;46600;51260;55920;60580;65240;69900;74560;79220;83880;88540;93200
4661;9322;13983;18644;23305;27966;32627;37288;41949;46610;51271;55932;60593;65254;69915;74576;79237;83898;88559;93220
4662;9324;13986;18648;23310;27972;32634;37296;41958;46620;51282;55944;60606;65268;69930;74592;79254;83916;88578;93240
4663;9326;13989;18652;23315;27978;32641;37304;41967;46630;51293;55956;60619;65282;69945;74608;79271;83934;88597;93260
4664;9328;13992;18656;23320;27984;32648;37312;41976;46640;51304;55968;60632;65296;69960;74624;79288;83952;88616;93280
4665;9330;13995;18660;23325;27990;32655;37320;41985;46650;51315;55980;60645;65310;69975;74640;79305;83970;88635;93300
4666;9332;13998;18664;23330;27996;32662;37328;41994;46660;51326;55992;60658;65324;69990;74656;79322;83988;88654;93320
4667;9334;14001;18668;23335;28002;32669;37336;42003;46670;51337;56004;60671;65338;70005;74672;79339;84006;88673;93340
4668;9336;14004;18672;23340;28008;32676;37344;42012;46680;51348;56016;60684;65352;70020;74688;79356;84024;88692;93360
4669;9338;14007;18676;23345;28014;32683;37352;42021;46690;51359;56028;60697;65366;70035;74704;79373;84042;88711;93380
4670;9340;14010;18680;23350;28020;32690;37360;42030;46700;51370;56040;60710;65380;70050;74720;79390;84060;88730;93400
4671;9342;14013;18684;23355;28026;32697;37368;42039;46710;51381;56052;60723;65394;70065;74736;79407;84078;88749;93420
4672;9344;14016;18688;23360;28032;32704;37376;42048;46720;51392;56064;60736;65408;70080;74752;79424;84096;88768;93440
4673;9346;14019;18692;23365;28038;32711;37384;42057;46730;51403;56076;60749;65422;70095;74768;79441;84114;88787;93460
4674;9348;14022;18696;23370;28044;32718;37392;42066;46740;51414;56088;60762;65436;70110;74784;79458;84132;88806;93480
4675;9350;14025;18700;23375;28050;32725;37400;42075;46750;51425;56100;60775;65450;70125;74800;79475;84150;88825;93500
4676;9352;14028;18704;23380;28056;32732;37408;42084;46760;51436;56112;60788;65464;70140;74816;79492;84168;88844;93520
4677;9354;14031;18708;23385;28062;32739;37416;42093;46770;51447;56124;60801;65478;70155;74832;79509;84186;88863;93540
4678;9356;14034;18712;23390;28068;32746;37424;42102;46780;51458;56136;60814;65492;70170;74848;79526;84204;88882;93560
4679;9358;14037;18716;23395;28074;32753;37432;42111;46790;51469;56148;60827;65506;70185;74864;79543;84222;88901;93580
4680;9360;14040;18720;23400;28080;32760;37440;42120;46800;51480;56160;60840;65520;70200;74880;79560;84240;88920;93600
4681;9362;14043;18724;23405;28086;32767;37448;42129;46810;51491;56172;60853;65534;70215;74896;79577;84258;88939;93620
4682;9364;14046;18728;23410;28092;32774;37456;42138;46820;51502;56184;60866;65548;70230;74912;79594;84276;88958;93640
4683;9366;14049;18732;23415;28098;32781;37464;42147;46830;51513;56196;60879;65562;70245;74928;79611;84294;88977;93660
4684;9368;14052;18736;23420;28104;32788;37472;42156;46840;51524;56208;60892;65576;70260;74944;79628;84312;88996;93680
4685;9370;14055;18740;23425;28110;32795;37480;42165;46850;51535;56220;60905;65590;70275;74960;79645;84330;89015;93700
4686;9372;14058;18744;23430;28116;32802;37488;42174;46860;51546;56232;60918;65604;70290;74976;79662;84348;89034;93720
4687;9374;14061;18748;23435;28122;32809;37496;42183;46870;51557;56244;60931;65618;70305;74992;79679;84366;89053;93740
4688;9376;14064;18752;23440;28128;32816;37504;42192;46880;51568;56256;60944;65632;70320;75008;79696;84384;89072;93760
4689;9378;14067;18756;23445;28134;32823;37512;42201;46890;51579;56268;60957;65646;70335;75024;79713;84402;89091;93780
4690;9380;14070;18760;23450;28140;32830;37520;42210;46900;51590;56280;60970;65660;70350;75040;79730;84420;89110;93800
4691;9382;14073;18764;23455;28146;32837;37528;42219;46910;51601;56292;60983;65674;70365;75056;79747;84438;89129;93820
4692;9384;14076;18768;23460;28152;32844;37536;42228;46920;51612;56304;60996;65688;70380;75072;79764;84456;89148;93840
4693;9386;14079;18772;23465;28158;32851;37544;42237;46930;51623;56316;61009;65702;70395;75088;79781;84474;89167;93860
4694;9388;14082;18776;23470;28164;32858;37552;42246;46940;51634;56328;61022;65716;70410;75104;79798;84492;89186;93880
4695;9390;14085;18780;23475;28170;32865;37560;42255;46950;51645;56340;61035;65730;70425;75120;79815;84510;89205;93900
4696;9392;14088;18784;23480;28176;32872;37568;42264;46960;51656;56352;61048;65744;70440;75136;79832;84528;89224;93920
4697;9394;14091;18788;23485;28182;32879;37576;42273;46970;51667;56364;61061;65758;70455;75152;79849;84546;89243;93940
4698;9396;14094;18792;23490;28188;32886;37584;42282;46980;51678;56376;61074;65772;70470;75168;79866;84564;89262;93960
4699;9398;14097;18796;23495;28194;32893;37592;42291;46990;51689;56388;61087;65786;70485;75184;79883;84582;89281;93980
4700;9400;14100;18800;23500;28200;32900;37600;42300;47000;51700;56400;61100;65800;70500;75200;79900;84600;89300;94000
4701;9402;14103;18804;23505;28206;32907;37608;42309;47010;51711;56412;61113;65814;70515;75216;79917;84618;89319;94020
4702;9404;14106;18808;23510;28212;32914;37616;42318;47020;51722;56424;61126;65828;70530;75232;79934;84636;89338;94040
4703;9406;14109;18812;23515;28218;32921;37624;42327;47030;51733;56436;61139;65842;70545;75248;79951;84654;89357;94060
4704;9408;14112;18816;23520;28224;32928;37632;42336;47040;51744;56448;61152;65856;70560;75264;79968;84672;89376;94080
4705;9410;14115;18820;23525;28230;32935;37640;42345;47050;51755;56460;61165;65870;70575;75280;79985;84690;89395;94100
4706;9412;14118;18824;23530;28236;32942;37648;42354;47060;51766;56472;61178;65884;70590;75296;80002;84708;89414;94120
4707;9414;14121;18828;23535;28242;32949;37656;42363;47070;51777;56484;61191;65898;70605;75312;80019;84726;89433;94140
4708;9416;14124;18832;23540;28248;32956;37664;42372;47080;51788;56496;61204;65912;70620;75328;80036;84744;89452;94160
4709;9418;14127;18836;23545;28254;32963;37672;42381;47090;51799;56508;61217;65926;70635;75344;80053;84762;89471;94180
4710;9420;14130;18840;23550;28260;32970;37680;42390;47100;51810;56520;61230;65940;70650;75360;80070;84780;89490;94200
4711;9422;14133;18844;23555;28266;32977;37688;42399;47110;51821;56532;61243;65954;70665;75376;80087;84798;89509;94220
4712;9424;14136;18848;23560;28272;32984;37696;42408;47120;51832;56544;61256;65968;70680;75392;80104;84816;89528;94240
4713;9426;14139;18852;23565;28278;32991;37704;42417;47130;51843;56556;61269;65982;70695;75408;80121;84834;89547;94260
4714;9428;14142;18856;23570;28284;32998;37712;42426;47140;51854;56568;61282;65996;70710;75424;80138;84852;89566;94280
4715;9430;14145;18860;23575;28290;33005;37720;42435;47150;51865;56580;61295;66010;70725;75440;80155;84870;89585;94300
4716;9432;14148;18864;23580;28296;33012;37728;42444;47160;51876;56592;61308;66024;70740;75456;80172;84888;89604;94320
4717;9434;14151;18868;23585;28302;33019;37736;42453;47170;51887;56604;61321;66038;70755;75472;80189;84906;89623;94340
4718;9436;14154;18872;23590;28308;33026;37744;42462;47180;51898;56616;61334;66052;70770;75488;80206;84924;89642;94360
4719;9438;14157;18876;23595;28314;33033;37752;42471;47190;51909;56628;61347;66066;70785;75504;80223;84942;89661;94380
4720;9440;14160;18880;23600;28320;33040;37760;42480;47200;51920;56640;61360;66080;70800;75520;80240;84960;89680;94400
4721;9442;14163;18884;23605;28326;33047;37768;42489;47210;51931;56652;61373;66094;70815;75536;80257;84978;89699;94420
4722;9444;14166;18888;23610;28332;33054;37776;42498;47220;51942;56664;61386;66108;70830;75552;80274;84996;89718;94440
4723;9446;14169;18892;23615;28338;33061;37784;42507;47230;51953;56676;61399;66122;70845;75568;80291;85014;89737;94460
4724;9448;14172;18896;23620;28344;33068;37792;42516;47240;51964;56688;61412;66136;70860;75584;80308;85032;89756;94480
4725;9450;14175;18900;23625;28350;33075;37800;42525;47250;51975;56700;61425;66150;70875;75600;80325;85050;89775;94500
4726;9452;14178;18904;23630;28356;33082;37808;42534;47260;51986;56712;61438;66164;70890;75616;80342;85068;89794;94520
4727;9454;14181;18908;23635;28362;33089;37816;42543;47270;51997;56724;61451;66178;70905;75632;80359;85086;89813;94540
4728;9456;14184;18912;23640;28368;33096;37824;42552;47280;52008;56736;61464;66192;70920;75648;80376;85104;89832;94560
4729;9458;14187;18916;23645;28374;33103;37832;42561;47290;52019;56748;61477;66206;70935;75664;80393;85122;89851;94580
4730;9460;14190;18920;23650;28380;33110;37840;42570;47300;52030;56760;61490;66220;70950;75680;80410;85140;89870;94600
4731;9462;14193;18924;23655;28386;33117;37848;42579;47310;52041;56772;61503;66234;70965;75696;80427;85158;89889;94620
4732;9464;14196;18928;23660;28392;33124;37856;42588;47320;52052;56784;61516;66248;70980;75712;80444;85176;89908;94640
4733;9466;14199;18932;23665;28398;33131;37864;42597;47330;52063;56796;61529;66262;70995;75728;80461;85194;89927;94660
4734;9468;14202;18936;23670;28404;33138;37872;42606;47340;52074;56808;61542;66276;71010;75744;80478;85212;89946;94680
4735;9470;14205;18940;23675;28410;33145;37880;42615;47350;52085;56820;61555;66290;71025;75760;80495;85230;89965;94700
4736;9472;14208;18944;23680;28416;33152;37888;42624;47360;52096;56832;61568;66304;71040;75776;80512;85248;89984;94720
4737;9474;14211;18948;23685;28422;33159;37896;42633;47370;52107;56844;61581;66318;71055;75792;80529;85266;90003;94740
4738;9476;14214;18952;23690;28428;33166;37904;42642;47380;52118;56856;61594;66332;71070;75808;80546;85284;90022;94760
4739;9478;14217;18956;23695;28434;33173;37912;42651;47390;52129;56868;61607;66346;71085;75824;80563;85302;90041;94780
4740;9480;14220;18960;23700;28440;33180;37920;42660;47400;52140;56880;61620;66360;71100;75840;80580;85320;90060;94800
4741;9482;14223;18964;23705;28446;33187;37928;42669;47410;52151;56892;61633;66374;71115;75856;80597;85338;90079;94820
4742;9484;14226;18968;23710;28452;33194;37936;42678;47420;52162;56904;61646;66388;71130;75872;80614;85356;90098;94840
4743;9486;14229;18972;23715;28458;33201;37944;42687;47430;52173;56916;61659;66402;71145;75888;80631;85374;90117;94860
4744;9488;14232;18976;23720;28464;33208;37952;42696;47440;52184;56928;61672;66416;71160;75904;80648;85392;90136;94880
4745;9490;14235;18980;23725;28470;33215;37960;42705;47450;52195;56940;61685;66430;71175;75920;80665;85410;90155;94900
4746;9492;14238;18984;23730;28476;33222;37968;42714;47460;52206;56952;61698;66444;71190;75936;80682;85428;90174;94920
4747;9494;14241;18988;23735;28482;33229;37976;42723;47470;52217;56964;61711;66458;71205;75952;80699;85446;90193;94940
4748;9496;14244;18992;23740;28488;33236;37984;42732;47480;52228;56976;61724;66472;71220;75968;80716;85464;90212;94960
4749;9498;14247;18996;23745;28494;33243;37992;42741;47490;52239;56988;61737;66486;71235;75984;80733;85482;90231;94980
4750;9500;14250;19000;23750;28500;33250;38000;42750;47500;52250;57000;61750;66500;71250;76000;80750;85500;90250;95000
4751;9502;14253;19004;23755;28506;33257;38008;42759;47510;52261;57012;61763;66514;71265;76016;80767;85518;90269;95020
4752;9504;14256;19008;23760;28512;33264;38016;42768;47520;52272;57024;61776;66528;71280;76032;80784;85536;90288;95040
4753;9506;14259;19012;23765;28518;33271;38024;42777;47530;52283;57036;61789;66542;71295;76048;80801;85554;90307;95060
4754;9508;14262;19016;23770;28524;33278;38032;42786;47540;52294;57048;61802;66556;71310;76064;80818;85572;90326;95080
4755;9510;14265;19020;23775;28530;33285;38040;42795;47550;52305;57060;61815;66570;71325;76080;80835;85590;90345;95100
4756;9512;14268;19024;23780;28536;33292;38048;42804;47560;52316;57072;61828;66584;71340;76096;80852;85608;90364;95120
4757;9514;14271;19028;23785;28542;33299;38056;42813;47570;52327;57084;61841;66598;71355;76112;80869;85626;90383;95140
4758;9516;14274;19032;23790;28548;33306;38064;42822;47580;52338;57096;61854;66612;71370;76128;80886;85644;90402;95160
4759;9518;14277;19036;23795;28554;33313;38072;42831;47590;52349;57108;61867;66626;71385;76144;80903;85662;90421;95180
4760;9520;14280;19040;23800;28560;33320;38080;42840;47600;52360;57120;61880;66640;71400;76160;80920;85680;90440;95200
4761;9522;14283;19044;23805;28566;33327;38088;42849;47610;52371;57132;61893;66654;71415;76176;80937;85698;90459;95220
4762;9524;14286;19048;23810;28572;33334;38096;42858;47620;52382;57144;61906;66668;71430;76192;80954;85716;90478;95240
4763;9526;14289;19052;23815;28578;33341;38104;42867;47630;52393;57156;61919;66682;71445;76208;80971;85734;90497;95260
4764;9528;14292;19056;23820;28584;33348;38112;42876;47640;52404;57168;61932;66696;71460;76224;80988;85752;90516;95280
4765;9530;14295;19060;23825;28590;33355;38120;42885;47650;52415;57180;61945;66710;71475;76240;81005;85770;90535;95300
4766;9532;14298;19064;23830;28596;33362;38128;42894;47660;52426;57192;61958;66724;71490;76256;81022;85788;90554;95320
4767;9534;14301;19068;23835;28602;33369;38136;42903;47670;52437;57204;61971;66738;71505;76272;81039;85806;90573;95340
4768;9536;14304;19072;23840;28608;33376;38144;42912;47680;52448;57216;61984;66752;71520;76288;81056;85824;90592;95360
4769;9538;14307;19076;23845;28614;33383;38152;42921;47690;52459;57228;61997;66766;71535;76304;81073;85842;90611;95380
4770;9540;14310;19080;23850;28620;33390;38160;42930;47700;52470;57240;62010;66780;71550;76320;81090;85860;90630;95400
4771;9542;14313;19084;23855;28626;33397;38168;42939;47710;52481;57252;62023;66794;71565;76336;81107;85878;90649;95420
4772;9544;14316;19088;23860;28632;33404;38176;42948;47720;52492;57264;62036;66808;71580;76352;81124;85896;90668;95440
4773;9546;14319;19092;23865;28638;33411;38184;42957;47730;52503;57276;62049;66822;71595;76368;81141;85914;90687;95460
4774;9548;14322;19096;23870;28644;33418;38192;42966;47740;52514;57288;62062;66836;71610;76384;81158;85932;90706;95480
4775;9550;14325;19100;23875;28650;33425;38200;42975;47750;52525;57300;62075;66850;71625;76400;81175;85950;90725;95500
4776;9552;14328;19104;23880;28656;33432;38208;42984;47760;52536;57312;62088;66864;71640;76416;81192;85968;90744;95520
4777;9554;14331;19108;23885;28662;33439;38216;42993;47770;52547;57324;62101;66878;71655;76432;81209;85986;90763;95540
4778;9556;14334;19112;23890;28668;33446;38224;43002;47780;52558;57336;62114;66892;71670;76448;81226;86004;90782;95560
4779;9558;14337;19116;23895;28674;33453;38232;43011;47790;52569;57348;62127;66906;71685;76464;81243;86022;90801;95580
4780;9560;14340;19120;23900;28680;33460;38240;43020;47800;52580;57360;62140;66920;71700;76480;81260;86040;90820;95600
4781;9562;14343;19124;23905;28686;33467;38248;43029;47810;52591;57372;62153;66934;71715;76496;81277;86058;90839;95620
4782;9564;14346;19128;23910;28692;33474;38256;43038;47820;52602;57384;62166;66948;71730;76512;81294;86076;90858;95640
4783;9566;14349;19132;23915;28698;33481;38264;43047;47830;52613;57396;62179;66962;71745;76528;81311;86094;90877;95660
4784;9568;14352;19136;23920;28704;33488;38272;43056;47840;52624;57408;62192;66976;71760;76544;81328;86112;90896;95680
4785;9570;14355;19140;23925;28710;33495;38280;43065;47850;52635;57420;62205;66990;71775;76560;81345;86130;90915;95700
4786;9572;14358;19144;23930;28716;33502;38288;43074;47860;52646;57432;62218;67004;71790;76576;81362;86148;90934;95720
4787;9574;14361;19148;23935;28722;33509;38296;43083;47870;52657;57444;62231;67018;71805;76592;81379;86166;90953;95740
4788;9576;14364;19152;23940;28728;33516;38304;43092;47880;52668;57456;62244;67032;71820;76608;81396;86184;90972;95760
4789;9578;14367;19156;23945;28734;33523;38312;43101;47890;52679;57468;62257;67046;71835;76624;81413;86202;90991;95780
4790;9580;14370;19160;23950;28740;33530;38320;43110;47900;52690;57480;62270;67060;71850;76640;81430;86220;91010;95800
4791;9582;14373;19164;23955;28746;33537;38328;43119;47910;52701;57492;62283;67074;71865;76656;81447;86238;91029;95820
4792;9584;14376;19168;23960;28752;33544;38336;43128;47920;52712;57504;62296;67088;71880;76672;81464;86256;91048;95840
4793;9586;14379;19172;23965;28758;33551;38344;43137;47930;52723;57516;62309;67102;71895;76688;81481;86274;91067;95860
4794;9588;14382;19176;23970;28764;33558;38352;43146;47940;52734;57528;62322;67116;71910;76704;81498;86292;91086;95880
4795;9590;14385;19180;23975;28770;33565;38360;43155;47950;52745;57540;62335;67130;71925;76720;81515;86310;91105;95900
4796;9592;14388;19184;23980;28776;33572;38368;43164;47960;52756;57552;62348;67144;71940;76736;81532;86328;91124;95920
4797;9594;14391;19188;23985;28782;33579;38376;43173;47970;52767;57564;62361;67158;71955;76752;81549;86346;91143;95940
4798;9596;14394;19192;23990;28788;33586;38384;43182;47980;52778;57576;62374;67172;71970;76768;81566;86364;91162;95960
4799;9598;14397;19196;23995;28794;33593;38392;43191;47990;52789;57588;62387;67186;71985;76784;81583;86382;91181;95980
4800;9600;14400;19200;24000;28800;33600;38400;43200;48000;52800;57600;62400;67200;72000;76800;81600;86400;91200;96000
4801;9602;14403;19204;24005;28806;33607;38408;43209;48010;52811;57612;62413;67214;72015;76816;81617;86418;91219;96020
4802;9604;14406;19208;24010;28812;33614;38416;43218;48020;52822;57624;62426;67228;72030;76832;81634;86436;91238;96040
4803;9606;14409;19212;24015;28818;33621;38424;43227;48030;52833;57636;62439;67242;72045;76848;81651;86454;91257;96060
4804;9608;14412;19216;24020;28824;33628;38432;43236;48040;52844;57648;62452;67256;72060;76864;81668;86472;91276;96080
4805;9610;14415;19220;24025;28830;33635;38440;43245;48050;52855;57660;62465;67270;72075;76880;81685;86490;91295;96100
4806;9612;14418;19224;24030;28836;33642;38448;43254;48060;52866;57672;62478;67284;72090;76896;81702;86508;91314;96120
4807;9614;14421;19228;24035;28842;33649;38456;43263;48070;52877;57684;62491;67298;72105;76912;81719;86526;91333;96140
4808;9616;14424;19232;24040;28848;33656;38464;43272;48080;52888;57696;62504;67312;72120;76928;81736;86544;91352;96160
4809;9618;14427;19236;24045;28854;33663;38472;43281;48090;52899;57708;62517;67326;72135;76944;81753;86562;91371;96180
4810;9620;14430;19240;24050;28860;33670;38480;43290;48100;52910;57720;62530;67340;72150;76960;81770;86580;91390;96200
4811;9622;14433;19244;24055;28866;33677;38488;43299;48110;52921;57732;62543;67354;72165;76976;81787;86598;91409;96220
4812;9624;14436;19248;24060;28872;33684;38496;43308;48120;52932;57744;62556;67368;72180;76992;81804;86616;91428;96240
4813;9626;14439;19252;24065;28878;33691;38504;43317;48130;52943;57756;62569;67382;72195;77008;81821;86634;91447;96260
4814;9628;14442;19256;24070;28884;33698;38512;43326;48140;52954;57768;62582;67396;72210;77024;81838;86652;91466;96280
4815;9630;14445;19260;24075;28890;33705;38520;43335;48150;52965;57780;62595;67410;72225;77040;81855;86670;91485;96300
4816;9632;14448;19264;24080;28896;33712;38528;43344;48160;52976;57792;62608;67424;72240;77056;81872;86688;91504;96320
4817;9634;14451;19268;24085;28902;33719;38536;43353;48170;52987;57804;62621;67438;72255;77072;81889;86706;91523;96340
4818;9636;14454;19272;24090;28908;33726;38544;43362;48180;52998;57816;62634;67452;72270;77088;81906;86724;91542;96360
4819;9638;14457;19276;24095;28914;33733;38552;43371;48190;53009;57828;62647;67466;72285;77104;81923;86742;91561;96380
4820;9640;14460;19280;24100;28920;33740;38560;43380;48200;53020;57840;62660;67480;72300;77120;81940;86760;91580;96400
4821;9642;14463;19284;24105;28926;33747;38568;43389;48210;53031;57852;62673;67494;72315;77136;81957;86778;91599;96420
4822;9644;14466;19288;24110;28932;33754;38576;43398;48220;53042;57864;62686;67508;72330;77152;81974;86796;91618;96440
4823;9646;14469;19292;24115;28938;33761;38584;43407;48230;53053;57876;62699;67522;72345;77168;81991;86814;91637;96460
4824;9648;14472;19296;24120;28944;33768;38592;43416;48240;53064;57888;62712;67536;72360;77184;82008;86832;91656;96480
4825;9650;14475;19300;24125;28950;33775;38600;43425;48250;53075;57900;62725;67550;72375;77200;82025;86850;91675;96500
4826;9652;14478;19304;24130;28956;33782;38608;43434;48260;53086;57912;62738;67564;72390;77216;82042;86868;91694;96520
4827;9654;14481;19308;24135;28962;33789;38616;43443;48270;53097;57924;62751;67578;72405;77232;82059;86886;91713;96540
4828;9656;14484;19312;24140;28968;33796;38624;43452;48280;53108;57936;62764;67592;72420;77248;82076;86904;91732;96560
4829;9658;14487;19316;24145;28974;33803;38632;43461;48290;53119;57948;62777;67606;72435;77264;82093;86922;91751;96580
4830;9660;14490;19320;24150;28980;33810;38640;43470;48300;53130;57960;62790;67620;72450;77280;82110;86940;91770;96600
4831;9662;14493;19324;24155;28986;33817;38648;43479;48310;53141;57972;62803;67634;72465;77296;82127;86958;91789;96620
4832;9664;14496;19328;24160;28992;33824;38656;43488;48320;53152;57984;62816;67648;72480;77312;82144;86976;91808;96640
4833;9666;14499;19332;24165;28998;33831;38664;43497;48330;53163;57996;62829;67662;72495;77328;82161;86994;91827;96660
4834;9668;14502;19336;24170;29004;33838;38672;43506;48340;53174;58008;62842;67676;72510;77344;82178;87012;91846;96680
4835;9670;14505;19340;24175;29010;33845;38680;43515;48350;53185;58020;62855;67690;72525;77360;82195;87030;91865;96700
4836;9672;14508;19344;24180;29016;33852;38688;43524;48360;53196;58032;62868;67704;72540;77376;82212;87048;91884;96720
4837;9674;14511;19348;24185;29022;33859;38696;43533;48370;53207;58044;62881;67718;72555;77392;82229;87066;91903;96740
4838;9676;14514;19352;24190;29028;33866;38704;43542;48380;53218;58056;62894;67732;72570;77408;82246;87084;91922;96760
4839;9678;14517;19356;24195;29034;33873;38712;43551;48390;53229;58068;62907;67746;72585;77424;82263;87102;91941;96780
4840;9680;14520;19360;24200;29040;33880;38720;43560;48400;53240;58080;62920;67760;72600;77440;82280;87120;91960;96800
4841;9682;14523;19364;24205;29046;33887;38728;43569;48410;53251;58092;62933;67774;72615;77456;82297;87138;91979;96820
4842;9684;14526;19368;24210;29052;33894;38736;43578;48420;53262;58104;62946;67788;72630;77472;82314;87156;91998;96840
4843;9686;14529;19372;24215;29058;33901;38744;43587;48430;53273;58116;62959;67802;72645;77488;82331;87174;92017;96860
4844;9688;14532;19376;24220;29064;33908;38752;43596;48440;53284;58128;62972;67816;72660;77504;82348;87192;92036;96880
4845;9690;14535;19380;24225;29070;33915;38760;43605;48450;53295;58140;62985;67830;72675;77520;82365;87210;92055;96900
4846;9692;14538;19384;24230;29076;33922;38768;43614;48460;53306;58152;62998;67844;72690;77536;82382;87228;92074;96920
4847;9694;14541;19388;24235;29082;33929;38776;43623;48470;53317;58164;63011;67858;72705;77552;82399;87246;92093;96940
4848;9696;14544;19392;24240;29088;33936;38784;43632;48480;53328;58176;63024;67872;72720;77568;82416;87264;92112;96960
4849;9698;14547;19396;24245;29094;33943;38792;43641;48490;53339;58188;63037;67886;72735;77584;82433;87282;92131;96980
4850;9700;14550;19400;24250;29100;33950;38800;43650;48500;53350;58200;63050;67900;72750;77600;82450;87300;92150;97000
4851;9702;14553;19404;24255;29106;33957;38808;43659;48510;53361;58212;63063;67914;72765;77616;82467;87318;92169;97020
4852;9704;14556;19408;24260;29112;33964;38816;43668;48520;53372;58224;63076;67928;72780;77632;82484;87336;92188;97040
4853;9706;14559;19412;24265;29118;33971;38824;43677;48530;53383;58236;63089;67942;72795;77648;82501;87354;92207;97060
4854;9708;14562;19416;24270;29124;33978;38832;43686;48540;53394;58248;63102;67956;72810;77664;82518;87372;92226;97080
4855;9710;14565;19420;24275;29130;33985;38840;43695;48550;53405;58260;63115;67970;72825;77680;82535;87390;92245;97100
4856;9712;14568;19424;24280;29136;33992;38848;43704;48560;53416;58272;63128;67984;72840;77696;82552;87408;92264;97120
4857;9714;14571;19428;24285;29142;33999;38856;43713;48570;53427;58284;63141;67998;72855;77712;82569;87426;92283;97140
4858;9716;14574;19432;24290;29148;34006;38864;43722;48580;53438;58296;63154;68012;72870;77728;82586;87444;92302;97160
4859;9718;14577;19436;24295;29154;34013;38872;43731;48590;53449;58308;63167;68026;72885;77744;82603;87462;92321;97180
4860;9720;14580;19440;24300;29160;34020;38880;43740;48600;53460;58320;63180;68040;72900;77760;82620;87480;92340;97200
4861;9722;14583;19444;24305;29166;34027;38888;43749;48610;53471;58332;63193;68054;72915;77776;82637;87498;92359;97220
4862;9724;14586;19448;24310;29172;34034;38896;43758;48620;53482;58344;63206;68068;72930;77792;82654;87516;92378;97240
4863;9726;14589;19452;24315;29178;34041;38904;43767;48630;53493;58356;63219;68082;72945;77808;82671;87534;92397;97260
4864;9728;14592;19456;24320;29184;34048;38912;43776;48640;53504;58368;63232;68096;72960;77824;82688;87552;92416;97280
4865;9730;14595;19460;24325;29190;34055;38920;43785;48650;53515;58380;63245;68110;72975;77840;82705;87570;92435;97300
4866;9732;14598;19464;24330;29196;34062;38928;43794;48660;53526;58392;63258;68124;72990;77856;82722;87588;92454;97320
4867;9734;14601;19468;24335;29202;34069;38936;43803;48670;53537;58404;63271;68138;73005;77872;82739;87606;92473;97340
4868;9736;14604;19472;24340;29208;34076;38944;43812;48680;53548;58416;63284;68152;73020;77888;82756;87624;92492;97360
4869;9738;14607;19476;24345;29214;34083;38952;43821;48690;53559;58428;63297;68166;73035;77904;82773;87642;92511;97380
4870;9740;14610;19480;24350;29220;34090;38960;43830;48700;53570;58440;63310;68180;73050;77920;82790;87660;92530;97400
4871;9742;14613;19484;24355;29226;34097;38968;43839;48710;53581;58452;63323;68194;73065;77936;82807;87678;92549;97420
4872;9744;14616;19488;24360;29232;34104;38976;43848;48720;53592;58464;63336;68208;73080;77952;82824;87696;92568;97440
4873;9746;14619;19492;24365;29238;34111;38984;43857;48730;53603;58476;63349;68222;73095;77968;82841;87714;92587;97460
4874;9748;14622;19496;24370;29244;34118;38992;43866;48740;53614;58488;63362;68236;73110;77984;82858;87732;92606;97480
4875;9750;14625;19500;24375;29250;34125;39000;43875;48750;53625;58500;63375;68250;73125;78000;82875;87750;92625;97500
4876;9752;14628;19504;24380;29256;34132;39008;43884;48760;53636;58512;63388;68264;73140;78016;82892;87768;92644;97520
4877;9754;14631;19508;24385;29262;34139;39016;43893;48770;53647;58524;63401;68278;73155;78032;82909;87786;92663;97540
4878;9756;14634;19512;24390;29268;34146;39024;43902;48780;53658;58536;63414;68292;73170;78048;82926;87804;92682;97560
4879;9758;14637;19516;24395;29274;34153;39032;43911;48790;53669;58548;63427;68306;73185;78064;82943;87822;92701;97580
4880;9760;14640;19520;24400;29280;34160;39040;43920;48800;53680;58560;63440;68320;73200;78080;82960;87840;92720;97600
4881;9762;14643;19524;24405;29286;34167;39048;43929;48810;53691;58572;63453;68334;73215;78096;82977;87858;92739;97620
4882;9764;14646;19528;24410;29292;34174;39056;43938;48820;53702;58584;63466;68348;73230;78112;82994;87876;92758;97640
4883;9766;14649;19532;24415;29298;34181;39064;43947;48830;53713;58596;63479;68362;73245;78128;83011;87894;92777;97660
4884;9768;14652;19536;24420;29304;34188;39072;43956;48840;53724;58608;63492;68376;73260;78144;83028;87912;92796;97680
4885;9770;14655;19540;24425;29310;34195;39080;43965;48850;53735;58620;63505;68390;73275;78160;83045;87930;92815;97700
4886;9772;14658;19544;24430;29316;34202;39088;43974;48860;53746;58632;63518;68404;73290;78176;83062;87948;92834;97720
4887;9774;14661;19548;24435;29322;34209;39096;43983;48870;53757;58644;63531;68418;73305;78192;83079;87966;92853;97740
4888;9776;14664;19552;24440;29328;34216;39104;43992;48880;53768;58656;63544;68432;73320;78208;83096;87984;92872;97760
4889;9778;14667;19556;24445;29334;34223;39112;44001;48890;53779;58668;63557;68446;73335;78224;83113;88002;92891;97780
4890;9780;14670;19560;24450;29340;34230;39120;44010;48900;53790;58680;63570;68460;73350;78240;83130;88020;92910;97800
4891;9782;14673;19564;24455;29346;34237;39128;44019;48910;53801;58692;63583;68474;73365;78256;83147;88038;92929;97820
4892;9784;14676;19568;24460;29352;34244;39136;44028;48920;53812;58704;63596;68488;73380;78272;83164;88056;92948;97840
4893;9786;14679;19572;24465;29358;34251;39144;44037;48930;53823;58716;63609;68502;73395;78288;83181;88074;92967;97860
4894;9788;14682;19576;24470;29364;34258;39152;44046;48940;53834;58728;63622;68516;73410;78304;83198;88092;92986;97880
4895;9790;14685;19580;24475;29370;34265;39160;44055;48950;53845;58740;63635;68530;73425;78320;83215;88110;93005;97900
4896;9792;14688;19584;24480;29376;34272;39168;44064;48960;53856;58752;63648;68544;73440;78336;83232;88128;93024;97920
4897;9794;14691;19588;24485;29382;34279;39176;44073;48970;53867;58764;63661;68558;73455;78352;83249;88146;93043;97940
4898;9796;14694;19592;24490;29388;34286;39184;44082;48980;53878;58776;63674;68572;73470;78368;83266;88164;93062;97960
4899;9798;14697;19596;24495;29394;34293;39192;44091;48990;53889;58788;63687;68586;73485;78384;83283;88182;93081;97980
4900;9800;14700;19600;24500;29400;34300;39200;44100;49000;53900;58800;63700;68600;73500;78400;83300;88200;93100;98000
4901;9802;14703;19604;24505;29406;34307;39208;44109;49010;53911;58812;63713;68614;73515;78416;83317;88218;93119;98020
4902;9804;14706;19608;24510;29412;34314;39216;44118;49020;53922;58824;63726;68628;73530;78432;83334;88236;93138;98040
4903;9806;14709;19612;24515;29418;34321;39224;44127;49030;53933;58836;63739;68642;73545;78448;83351;88254;93157;98060
4904;9808;14712;19616;24520;29424;34328;39232;44136;49040;53944;58848;63752;68656;73560;78464;83368;88272;93176;98080
4905;9810;14715;19620;24525;29430;34335;39240;44145;49050;53955;58860;63765;68670;73575;78480;83385;88290;93195;98100
4906;9812;14718;19624;24530;29436;34342;39248;44154;49060;53966;58872;63778;68684;73590;78496;83402;88308;93214;98120
4907;9814;14721;19628;24535;29442;34349;39256;44163;49070;53977;58884;63791;68698;73605;78512;83419;88326;93233;98140
4908;9816;14724;19632;24540;29448;34356;39264;44172;49080;53988;58896;63804;68712;73620;78528;83436;88344;93252;98160
4909;9818;14727;19636;24545;29454;34363;39272;44181;49090;53999;58908;63817;68726;73635;78544;83453;88362;93271;98180
4910;9820;14730;19640;24550;29460;34370;39280;44190;49100;54010;58920;63830;68740;73650;78560;83470;88380;93290;98200
4911;9822;14733;19644;24555;29466;34377;39288;44199;49110;54021;58932;63843;68754;73665;78576;83487;88398;93309;98220
4912;9824;14736;19648;24560;29472;34384;39296;44208;49120;54032;58944;63856;68768;73680;78592;83504;88416;93328;98240
4913;9826;14739;19652;24565;29478;34391;39304;44217;49130;54043;58956;63869;68782;73695;78608;83521;88434;93347;98260
4914;9828;14742;19656;24570;29484;34398;39312;44226;49140;54054;58968;63882;68796;73710;78624;83538;88452;93366;98280
4915;9830;14745;19660;24575;29490;34405;39320;44235;49150;54065;58980;63895;68810;73725;78640;83555;88470;93385;98300
4916;9832;14748;19664;24580;29496;34412;39328;44244;49160;54076;58992;63908;68824;73740;78656;83572;88488;93404;98320
4917;9834;14751;19668;24585;29502;34419;39336;44253;49170;54087;59004;63921;68838;73755;78672;83589;88506;93423;98340
4918;9836;14754;19672;24590;29508;34426;39344;44262;49180;54098;59016;63934;68852;73770;78688;83606;88524;93442;98360
4919;9838;14757;19676;24595;29514;34433;39352;44271;49190;54109;59028;63947;68866;73785;78704;83623;88542;93461;98380
4920;9840;14760;19680;24600;29520;34440;39360;44280;49200;54120;59040;63960;68880;73800;78720;83640;88560;93480;98400
4921;9842;14763;19684;24605;29526;34447;39368;44289;49210;54131;59052;63973;68894;73815;78736;83657;88578;93499;98420
4922;9844;14766;19688;24610;29532;34454;39376;44298;49220;54142;59064;63986;68908;73830;78752;83674;88596;93518;98440
4923;9846;14769;19692;24615;29538;34461;39384;44307;49230;54153;59076;63999;68922;73845;78768;83691;88614;93537;98460
4924;9848;14772;19696;24620;29544;34468;39392;44316;49240;54164;59088;64012;68936;73860;78784;83708;88632;93556;98480
4925;9850;14775;19700;24625;29550;34475;39400;44325;49250;54175;59100;64025;68950;73875;78800;83725;88650;93575;98500
4926;9852;14778;19704;24630;29556;34482;39408;44334;49260;54186;59112;64038;68964;73890;78816;83742;88668;93594;98520
4927;9854;14781;19708;24635;29562;34489;39416;44343;49270;54197;59124;64051;68978;73905;78832;83759;88686;93613;98540
4928;9856;14784;19712;24640;29568;34496;39424;44352;49280;54208;59136;64064;68992;73920;78848;83776;88704;93632;98560
4929;9858;14787;19716;24645;29574;34503;39432;44361;49290;54219;59148;64077;69006;73935;78864;83793;88722;93651;98580
4930;9860;14790;19720;24650;29580;34510;39440;44370;49300;54230;59160;64090;69020;73950;78880;83810;88740;93670;98600
4931;9862;14793;19724;24655;29586;34517;39448;44379;49310;54241;59172;64103;69034;73965;78896;83827;88758;93689;98620
4932;9864;14796;19728;24660;29592;34524;39456;44388;49320;54252;59184;64116;69048;73980;78912;83844;88776;93708;98640
4933;9866;14799;19732;24665;29598;34531;39464;44397;49330;54263;59196;64129;69062;73995;78928;83861;88794;93727;98660
4934;9868;14802;19736;24670;29604;34538;39472;44406;49340;54274;59208;64142;69076;74010;78944;83878;88812;93746;98680
4935;9870;14805;19740;24675;29610;34545;39480;44415;49350;54285;59220;64155;69090;74025;78960;83895;88830;93765;98700
4936;9872;14808;19744;24680;29616;34552;39488;44424;49360;54296;59232;64168;69104;74040;78976;83912;88848;93784;98720
4937;9874;14811;19748;24685;29622;34559;39496;44433;49370;54307;59244;64181;69118;74055;78992;83929;88866;93803;98740
4938;9876;14814;19752;24690;29628;34566;39504;44442;49380;54318;59256;64194;69132;74070;79008;83946;88884;93822;98760
4939;9878;14817;19756;24695;29634;34573;39512;44451;49390;54329;59268;64207;69146;74085;79024;83963;88902;93841;98780
4940;9880;14820;19760;24700;29640;34580;39520;44460;49400;54340;59280;64220;69160;74100;79040;83980;88920;93860;98800
4941;9882;14823;19764;24705;29646;34587;39528;44469;49410;54351;59292;64233;69174;74115;79056;83997;88938;93879;98820
4942;9884;14826;19768;24710;29652;34594;39536;44478;49420;54362;59304;64246;69188;74130;79072;84014;88956;93898;98840
4943;9886;14829;19772;24715;29658;34601;39544;44487;49430;54373;59316;64259;69202;74145;79088;84031;88974;93917;98860
4944;9888;14832;19776;24720;29664;34608;39552;44496;49440;54384;59328;64272;69216;74160;79104;84048;88992;93936;98880
4945;9890;14835;19780;24725;29670;34615;39560;44505;49450;54395;59340;64285;69230;74175;79120;84065;89010;93955;98900
4946;9892;14838;19784;24730;29676;34622;39568;44514;49460;54406;59352;64298;69244;74190;79136;84082;89028;93974;98920
4947;9894;14841;19788;24735;29682;34629;39576;44523;49470;54417;59364;64311;69258;74205;79152;84099;89046;93993;98940
4948;9896;14844;19792;24740;29688;34636;39584;44532;49480;54428;59376;64324;69272;74220;79168;84116;89064;94012;98960
4949;9898;14847;19796;24745;29694;34643;39592;44541;49490;54439;59388;64337;69286;74235;79184;84133;89082;94031;98980
4950;9900;14850;19800;24750;29700;34650;39600;44550;49500;54450;59400;64350;69300;74250;79200;84150;89100;94050;99000
4951;9902;14853;19804;24755;29706;34657;39608;44559;49510;54461;59412;64363;69314;74265;79216;84167;89118;94069;99020
4952;9904;14856;19808;24760;29712;34664;39616;44568;49520;54472;59424;64376;69328;74280;79232;84184;89136;94088;99040
4953;9906;14859;19812;24765;29718;34671;39624;44577;49530;54483;59436;64389;69342;74295;79248;84201;89154;94107;99060
4954;9908;14862;19816;24770;29724;34678;39632;44586;49540;54494;59448;64402;69356;74310;79264;84218;89172;94126;99080
4955;9910;14865;19820;24775;29730;34685;39640;44595;49550;54505;59460;64415;69370;74325;79280;84235;89190;94145;99100
4956;9912;14868;19824;24780;29736;34692;39648;44604;49560;54516;59472;64428;69384;74340;79296;84252;89208;94164;99120
4957;9914;14871;19828;24785;29742;34699;39656;44613;49570;54527;59484;64441;69398;74355;79312;84269;89226;94183;99140
4958;9916;14874;19832;24790;29748;34706;39664;44622;49580;54538;59496;64454;69412;74370;79328;84286;89244;94202;99160
4959;9918;14877;19836;24795;29754;34713;39672;44631;49590;54549;59508;64467;69426;74385;79344;84303;89262;94221;99180
4960;9920;14880;19840;24800;29760;34720;39680;44640;49600;54560;59520;64480;69440;74400;79360;84320;89280;94240;99200
4961;9922;14883;19844;24805;29766;34727;39688;44649;49610;54571;59532;64493;69454;74415;79376;84337;89298;94259;99220
4962;9924;14886;19848;24810;29772;34734;39696;44658;49620;54582;59544;64506;69468;74430;79392;84354;89316;94278;99240
4963;9926;14889;19852;24815;29778;34741;39704;44667;49630;54593;59556;64519;69482;74445;79408;84371;89334;94297;99260
4964;9928;14892;19856;24820;29784;34748;39712;44676;49640;54604;59568;64532;69496;74460;79424;84388;89352;94316;99280
4965;9930;14895;19860;24825;29790;34755;39720;44685;49650;54615;59580;64545;69510;74475;79440;84405;89370;94335;99300
4966;9932;14898;19864;24830;29796;34762;39728;44694;49660;54626;59592;64558;69524;74490;79456;84422;89388;94354;99320
4967;9934;14901;19868;24835;29802;34769;39736;44703;49670;54637;59604;64571;69538;74505;79472;84439;89406;94373;99340
4968;9936;14904;19872;24840;29808;34776;39744;44712;49680;54648;59616;64584;69552;74520;79488;84456;89424;94392;99360
4969;9938;14907;19876;24845;29814;34783;39752;44721;49690;54659;59628;64597;69566;74535;79504;84473;89442;94411;99380
4970;9940;14910;19880;24850;29820;34790;39760;44730;49700;54670;59640;64610;69580;74550;79520;84490;89460;94430;99400
4971;9942;14913;19884;24855;29826;34797;39768;44739;49710;54681;59652;64623;69594;74565;79536;84507;89478;94449;99420
4972;9944;14916;19888;24860;29832;34804;39776;44748;49720;54692;59664;64636;69608;74580;79552;84524;89496;94468;99440
4973;9946;14919;19892;24865;29838;34811;39784;44757;49730;54703;59676;64649;69622;74595;79568;84541;89514;94487;99460
4974;9948;14922;19896;24870;29844;34818;39792;44766;49740;54714;59688;64662;69636;74610;79584;84558;89532;94506;99480
4975;9950;14925;19900;24875;29850;34825;39800;44775;49750;54725;59700;64675;69650;74625;79600;84575;89550;94525;99500
4976;9952;14928;19904;24880;29856;34832;39808;44784;49760;54736;59712;64688;69664;74640;79616;84592;89568;94544;99520
4977;9954;14931;19908;24885;29862;34839;39816;44793;49770;54747;59724;64701;69678;74655;79632;84609;89586;94563;99540
4978;9956;14934;19912;24890;29868;34846;39824;44802;49780;54758;59736;64714;69692;74670;79648;84626;89604;94582;99560
4979;9958;14937;19916;24895;29874;34853;39832;44811;49790;54769;59748;64727;69706;74685;79664;84643;89622;94601;99580
4980;9960;14940;19920;24900;29880;34860;39840;44820;49800;54780;59760;64740;69720;74700;79680;84660;89640;94620;99600
4981;9962;14943;19924;24905;29886;34867;39848;44829;49810;54791;59772;64753;69734;74715;79696;84677;89658;94639;99620
4982;9964;14946;19928;24910;29892;34874;39856;44838;49820;54802;59784;64766;69748;74730;79712;84694;89676;94658;99640
4983;9966;14949;19932;24915;29898;34881;39864;44847;49830;54813;59796;64779;69762;74745;79728;84711;89694;94677;99660
4984;9968;14952;19936;24920;29904;34888;39872;44856;49840;54824;59808;64792;69776;74760;79744;84728;89712;94696;99680
4985;9970;14955;19940;24925;29910;34895;39880;44865;49850;54835;59820;64805;69790;74775;79760;84745;89730;94715;99700
4986;9972;14958;19944;24930;29916;34902;39888;44874;49860;54846;59832;64818;69804;74790;79776;84762;89748;94734;99720
4987;9974;14961;19948;24935;29922;34909;39896;44883;49870;54857;59844;64831;69818;74805;79792;84779;89766;94753;99740
4988;9976;14964;19952;24940;29928;34916;39904;44892;49880;54868;59856;64844;69832;74820;79808;84796;89784;94772;99760
4989;9978;14967;19956;24945;29934;34923;39912;44901;49890;54879;59868;64857;69846;74835;79824;84813;89802;94791;99780
4990;9980;14970;19960;24950;29940;34930;39920;44910;49900;54890;59880;64870;69860;74850;79840;84830;89820;94810;99800
4991;9982;14973;19964;24955;29946;34937;39928;44919;49910;54901;59892;64883;69874;74865;79856;84847;89838;94829;99820
4992;9984;14976;19968;24960;29952;34944;39936;44928;49920;54912;59904;64896;69888;74880;79872;84864;89856;94848;99840
4993;9986;14979;19972;24965;29958;34951;39944;44937;49930;54923;59916;64909;69902;74895;79888;84881;89874;94867;99860
4994;9988;14982;19976;24970;29964;34958;39952;44946;49940;54934;59928;64922;69916;74910;79904;84898;89892;94886;99880
4995;9990;14985;19980;24975;29970;34965;39960;44955;49950;54945;59940;64935;69930;74925;79920;84915;89910;94905;99900
4996;9992;14988;19984;24980;29976;34972;39968;44964;49960;54956;59952;64948;69944;74940;79936;84932;89928;94924;99920
4997;9994;14991;19988;24985;29982;34979;39976;44973;49970;54967;59964;64961;69958;74955;79952;84949;89946;94943;99940
4998;9996;14994;19992;24990;29988;34986;39984;44982;49980;54978;59976;64974;69972;74970;79968;84966;89964;94962;99960
4999;9998;14997;19996;24995;29994;34993;39992;44991;49990;54989;59988;64987;69986;74985;79984;84983;89982;94981;99980
5000;10000;15000;20000;25000;30000;35000;40000;45000;50000;55000;60000;65000;70000;75000;80000;85000;90000;95000;100000
